1.167981743812561
1.167981743812561
0.8695246577262878
0.7242156863212585
0.5706244707107544
0.5502630472183228
0.4977267384529114
0.4413193464279175
0.4184209704399109
0.3807774782180786
0.35207146406173706
0.37497836351394653
0.3466723561286926
0.3301998972892761
0.3049302399158478
0.3055506944656372
0.29085952043533325
0.2665168046951294
0.2738999128341675
0.25606775283813477
0.24429161846637726
0.24492305517196655
0.24511946737766266
0.227744460105896
0.22567623853683472
0.21326245367527008
1.280867338180542
1.115882396697998
0.6815471649169922
0.6398521661758423
0.5904710292816162
0.533385157585144
0.469964861869812
0.43913185596466064
0.3779127299785614
0.37759992480278015
0.37453222274780273
0.34577685594558716
0.35152602195739746
0.3232705593109131
0.32753095030784607
0.3151317834854126
0.29244112968444824
0.288767009973526
0.27579236030578613
0.2687838673591614
0.275652676820755
0.2545740306377411
0.2492498904466629
0.2609739303588867
0.2546507716178894
0.4069865643978119
0.5559723377227783
0.4765672981739044
0.42200154066085815
0.39795514941215515
0.37290850281715393
0.36028140783309937
0.3452017307281494
0.35329121351242065
0.3360735774040222
0.3456043004989624
0.3401027321815491
0.3333670496940613
0.3176516592502594
0.29931876063346863
0.3069586157798767
0.34013617038726807
0.2865394651889801
0.2690619230270386
0.2691933810710907
0.26285481452941895
0.25561967492103577
0.2533237338066101
0.2611022889614105
0.23293286561965942
0.27274006605148315
0.25355637073516846
0.2451391965150833
0.2366732507944107
0.225392147898674
0.2177247703075409
0.2169179469347
0.20153935253620148
0.19965294003486633
0.19648940861225128
0.18927542865276337
0.1806175261735916
0.17543214559555054
1.280867338180542
1.115882396697998
0.6815471649169922
0.6398521661758423
0.5904710292816162
0.533385157585144
0.469964861869812
0.43913185596466064
0.3779127299785614
0.37759992480278015
0.37453222274780273
0.34577685594558716
0.35152602195739746
0.3232705593109131
0.32753095030784607
0.3151317834854126
0.29244112968444824
0.288767009973526
0.27579236030578613
0.2687838673591614
0.275652676820755
0.2545740306377411
0.2492498904466629
0.2609739303588867
0.2546507716178894
0.4069865643978119
0.5559723377227783
0.4765672981739044
0.42200154066085815
0.39795514941215515
0.37290850281715393
0.36028140783309937
0.3452017307281494
0.35329121351242065
0.3360735774040222
0.3456043004989624
0.3401027321815491
0.3333670496940613
0.3176516592502594
0.29931876063346863
0.3069586157798767
0.34013617038726807
0.2865394651889801
0.2690619230270386
0.2691933810710907
0.26285481452941895
0.25561967492103577
0.2533237338066101
0.2611022889614105
0.23293286561965942
0.24957136809825897
0.2287934124469757
0.2241358757019043
0.2089567631483078
0.20142589509487152
0.19344326853752136
0.20217517018318176
0.1938094049692154
0.1826690435409546
0.16520412266254425
0.18091940879821777
0.1748388409614563
0.1651892364025116
1.0796953439712524
0.8789874315261841
0.7929748296737671
1.0892131328582764
