19.392478942871094
19.5924072265625
19.26798439025879
18.876876831054688
18.347511291503906
18.464839935302734
18.167757034301758
17.51137924194336
17.886615753173828
17.784591674804688
17.73324203491211
16.91179847717285
19.392478942871094
19.5924072265625
19.26798439025879
18.876876831054688
18.347511291503906
18.464839935302734
18.167757034301758
17.51137924194336
17.886615753173828
17.784591674804688
17.73324203491211
16.91179847717285
17.353797912597656
17.305667877197266
16.491626739501953
16.83930778503418
16.770341873168945
17.132957458496094
17.274030685424805
17.243669509887695
17.56549835205078
16.691879272460938
16.189943313598633
15.948223114013672
15.72311782836914
17.58011245727539
17.76018524169922
17.785133361816406
17.786500930786133
18.031858444213867
18.209991455078125
18.584529876708984
18.489442825317383
18.121719360351562
17.956418991088867
17.728940963745117
17.573780059814453
17.641393661499023
16.983238220214844
17.412992477416992
18.086685180664062
18.11721420288086
17.913122177124023
18.133344650268555
17.752378463745117
17.463619232177734
18.425987243652344
17.984283447265625
17.180238723754883
17.56316375732422
18.11113929748535
15.589054107666016
15.648514747619629
15.544981956481934
15.401949882507324
14.548487663269043
14.982391357421875
14.46195125579834
13.702731132507324
13.646820068359375
13.943363189697266
14.727532386779785
15.729852676391602
15.253832817077637
14.189990997314453
14.18641185760498
13.931812286376953
14.445755004882812
14.507277488708496
13.63011360168457
13.098624229431152
12.876070022583008
12.890825271606445
12.993258476257324
12.661070823669434
12.76026439666748
14.59183120727539
14.06216049194336
13.230648040771484
13.644695281982422
13.357667922973633
12.467893600463867
12.880250930786133
12.469732284545898
12.15809440612793
12.319616317749023
12.667911529541016
13.408153533935547
13.026311874389648
12.564718246459961
12.01555347442627
12.087501525878906
12.261417388916016
12.178789138793945
12.176194190979004
11.604120254516602
11.848743438720703
11.575459480285645
11.75442123413086
11.421573638916016
12.99533462524414
14.815265655517578
14.520026206970215
14.45557689666748
14.262781143188477
14.155061721801758
14.744379043579102
14.96645736694336
14.066675186157227
14.517753601074219
13.549904823303223
13.687058448791504
13.465873718261719
13.805516242980957
14.278132438659668
13.982274055480957
13.859898567199707
13.62135124206543
13.421947479248047
13.800600051879883
13.043492317199707
12.987947463989258
12.18086051940918
12.47704792022705
11.925741195678711
13.306638717651367
16.867168426513672
16.594833374023438
16.888715744018555
16.745956420898438
17.487945556640625
17.509933471679688
17.108829498291016
17.56287384033203
16.617151260375977
16.523380279541016
17.76377296447754
17.103761672973633
16.477821350097656
16.088205337524414
16.413040161132812
16.32541847229004
16.39861297607422
16.998565673828125
17.098873138427734
17.23641014099121
17.201753616333008
17.440025329589844
16.431222915649414
16.496267318725586
15.430242538452148
15.008125305175781
14.91550064086914
15.005213737487793
15.103510856628418
14.697121620178223
14.8463773727417
14.320635795593262
14.10622787475586
13.964349746704102
13.630663871765137
13.477652549743652
15.012962341308594
14.099287986755371
13.973511695861816
13.83718490600586
15.518472671508789
14.062835693359375
14.247444152832031
15.126920700073242
14.172734260559082
13.60307788848877
13.696673393249512
13.065505981445312
13.312265396118164
15.253946304321289
15.279988288879395
15.145346641540527
14.765304565429688
14.046451568603516
14.442816734313965
14.156024932861328
14.41012954711914
14.072669982910156
14.296039581298828
13.696244239807129
14.125805854797363
13.827152252197266
13.828008651733398
13.701937675476074
13.817880630493164
13.941730499267578
13.652362823486328
13.626736640930176
13.315263748168945
13.583370208740234
13.585346221923828
14.297677993774414
15.837388038635254
15.054150581359863
14.555463790893555
17.457889556884766
16.073551177978516
15.461833000183105
15.224203109741211
14.804216384887695
15.844557762145996
15.362386703491211
15.19135570526123
15.73176383972168
14.820552825927734
14.119800567626953
14.139293670654297
14.039250373840332
15.096233367919922
15.15951156616211
14.78919792175293
14.690078735351562
15.188562393188477
15.778966903686523
14.900028228759766
14.733865737915039
13.585369110107422
13.61690616607666
13.518630981445312
14.148282051086426
13.988852500915527
13.653205871582031
13.499907493591309
13.534638404846191
13.31422233581543
13.113310813903809
13.807907104492188
13.05648136138916
13.548768043518066
14.371088027954102
13.076776504516602
13.993868827819824
14.135663032531738
12.494941711425781
12.480396270751953
12.887420654296875
12.716049194335938
13.460393905639648
12.190364837646484
11.843863487243652
12.861358642578125
12.587596893310547
12.6727294921875
12.292991638183594
11.630130767822266
13.093088150024414
13.240890502929688
12.948967933654785
12.237044334411621
12.498369216918945
13.105707168579102
12.787620544433594
12.775999069213867
12.673948287963867
11.951678276062012
11.929450988769531
11.45584774017334
12.671957969665527
12.672916412353516
11.71850299835205
11.794166564941406
11.636493682861328
11.941920280456543
11.694869041442871
11.741503715515137
11.621757507324219
11.73820972442627
12.80263900756836
12.969871520996094
12.9056978225708
13.48526382446289
13.401459693908691
13.13448715209961
12.646995544433594
12.80333137512207
12.941363334655762
12.878103256225586
12.721592903137207
13.227036476135254
11.988225936889648
12.144832611083984
12.148582458496094
12.650786399841309
12.384355545043945
12.543804168701172
12.575244903564453
11.555068969726562
11.808686256408691
12.668627738952637
12.32602310180664
12.70743465423584
11.945648193359375
11.654699325561523
11.994546890258789
11.754471778869629
10.71907901763916
10.282798767089844
10.90473461151123
11.339168548583984
10.987180709838867
10.836973190307617
11.155730247497559
10.520307540893555
10.332356452941895
10.47493839263916
10.72724723815918
10.967695236206055
10.704167366027832
10.622791290283203
11.222025871276855
10.685712814331055
9.964601516723633
10.141891479492188
9.882730484008789
9.870829582214355
9.99252700805664
10.511022567749023
9.738107681274414
9.357611656188965
10.87413215637207
16.169282913208008
15.471712112426758
15.149991989135742
15.162988662719727
15.262858390808105
15.890059471130371
16.399436950683594
15.670537948608398
16.065181732177734
15.901419639587402
15.315725326538086
15.881782531738281
15.435815811157227
15.117807388305664
15.223158836364746
14.763614654541016
15.010385513305664
14.507822036743164
14.411144256591797
14.835716247558594
14.407392501831055
13.787342071533203
15.505504608154297
14.489612579345703
16.611778259277344
17.045637130737305
16.851051330566406
17.580766677856445
16.11920928955078
16.424301147460938
16.59752655029297
17.210960388183594
15.882622718811035
15.245970726013184
15.155023574829102
15.008665084838867
15.212963104248047
16.337173461914062
16.000804901123047
15.105324745178223
14.641193389892578
15.11589241027832
15.493973731994629
16.326663970947266
16.17855453491211
14.474030494689941
14.692073822021484
13.314496994018555
13.406696319580078
12.66832447052002
12.397263526916504
12.081560134887695
12.457780838012695
12.215337753295898
12.360672950744629
11.481069564819336
11.241374969482422
11.366960525512695
11.712440490722656
11.756377220153809
12.19482421875
11.959587097167969
12.00831413269043
10.85025691986084
11.192262649536133
10.539794921875
10.597624778747559
10.089593887329102
10.289346694946289
11.029163360595703
10.015974998474121
10.047740936279297
10.573463439941406
10.208757400512695
10.461821556091309
9.675195693969727
10.004859924316406
10.529905319213867
10.169843673706055
10.05253791809082
10.068191528320312
9.107704162597656
9.410543441772461
9.275276184082031
9.917790412902832
9.446098327636719
9.111369132995605
9.474282264709473
9.867454528808594
10.443012237548828
10.143975257873535
9.852925300598145
9.242504119873047
9.126810073852539
9.01034927368164
8.607561111450195
8.738229751586914
8.44375228881836
8.627593040466309
8.596529960632324
8.100669860839844
8.242569923400879
8.564552307128906
8.125794410705566
8.383541107177734
8.216598510742188
8.066394805908203
7.858407974243164
7.741308689117432
7.649074554443359
7.8348774909973145
7.564700126647949
7.21572208404541
7.597718715667725
7.3399553298950195
7.122663497924805
7.325146675109863
7.2417449951171875
6.955648422241211
7.072558879852295
7.559353828430176
7.427327632904053
7.532098770141602
7.319870471954346
7.030140399932861
7.403505325317383
6.651472568511963
6.9354248046875
6.83229923248291
6.984742164611816
7.20697021484375
7.189043045043945
6.757788181304932
7.078608512878418
6.769589900970459
7.1550421714782715
6.865065097808838
6.681454658508301
6.857217311859131
6.469237804412842
6.088155746459961
6.713159561157227
6.952322006225586
6.704704284667969
6.458037376403809
6.683370113372803
6.5436906814575195
6.482944965362549
6.580371856689453
6.061522960662842
8.791605949401855
8.945696830749512
8.973227500915527
9.050041198730469
8.894183158874512
8.676947593688965
8.744163513183594
8.39979076385498
8.52553653717041
9.285412788391113
9.008650779724121
8.829509735107422
8.670008659362793
8.640176773071289
9.01795768737793
8.483261108398438
8.366005897521973
8.224905014038086
8.22116756439209
8.822304725646973
8.558295249938965
9.742141723632812
9.500469207763672
8.953989028930664
10.226591110229492
12.545425415039062
12.912858009338379
12.955326080322266
12.328953742980957
12.349634170532227
11.906556129455566
13.310798645019531
12.200201988220215
11.845702171325684
11.592930793762207
11.117456436157227
11.361713409423828
11.453570365905762
11.254884719848633
11.223249435424805
10.485199928283691
10.526931762695312
10.764920234680176
10.489519119262695
10.290849685668945
10.278039932250977
10.66834545135498
11.737064361572266
11.05630874633789
13.092782974243164
14.153789520263672
14.128663063049316
13.743684768676758
13.59373664855957
14.508160591125488
13.623421669006348
13.469816207885742
13.501801490783691
13.392596244812012
13.70518970489502
12.845325469970703
13.332286834716797
12.975900650024414
12.833732604980469
13.072774887084961
13.031974792480469
12.60125732421875
12.574450492858887
11.676321983337402
12.161580085754395
10.957788467407227
11.480502128601074
11.508415222167969
11.472272872924805
11.22657299041748
12.141752243041992
11.788846969604492
11.853757858276367
11.533317565917969
10.757183074951172
10.365509033203125
10.162795066833496
10.266690254211426
10.149842262268066
10.714695930480957
10.489704132080078
10.263412475585938
10.969158172607422
11.34532356262207
11.305671691894531
10.905492782592773
10.049631118774414
10.662979125976562
9.853107452392578
9.689271926879883
9.888766288757324
10.21889591217041
9.985807418823242
10.25200366973877
9.895903587341309
10.72928237915039
10.72177505493164
10.363718032836914
10.6105318069458
10.644710540771484
10.291467666625977
10.536676406860352
10.786308288574219
10.246726989746094
10.535255432128906
10.175756454467773
10.416409492492676
10.588218688964844
10.246742248535156
9.811372756958008
9.57182502746582
9.88995361328125
9.815513610839844
9.858614921569824
10.030691146850586
9.852494239807129
9.905325889587402
9.63832950592041
9.859926223754883
9.952730178833008
9.73942756652832
9.267953872680664
8.98021125793457
9.13535213470459
9.448064804077148
9.73434829711914
9.29802131652832
9.719563484191895
9.774038314819336
9.289281845092773
9.254491806030273
9.499320983886719
9.712035179138184
9.173377990722656
9.31875228881836
9.251819610595703
9.175724029541016
9.513547897338867
9.254230499267578
8.77407455444336
8.73430061340332
8.952159881591797
8.95592975616455
9.136482238769531
8.90805721282959
12.010595321655273
12.302324295043945
12.478338241577148
12.076748847961426
11.852575302124023
12.011035919189453
12.070904731750488
11.419923782348633
11.25454044342041
11.524370193481445
11.458230972290039
11.315226554870605
11.678412437438965
11.663771629333496
11.884835243225098
11.07870864868164
11.744707107543945
11.651185035705566
11.085680961608887
10.940557479858398
11.024442672729492
10.65825080871582
10.203601837158203
10.337413787841797
10.747425079345703
11.158659934997559
10.895547866821289
11.17193603515625
10.286834716796875
10.300931930541992
10.633517265319824
10.332392692565918
9.826986312866211
9.968547821044922
9.885539054870605
9.74122428894043
9.895485877990723
9.6027250289917
9.794231414794922
9.95370864868164
9.709293365478516
10.158985137939453
9.812231063842773
9.477046012878418
9.945703506469727
10.226644515991211
10.317899703979492
9.731693267822266
9.796321868896484
9.631490707397461
11.008613586425781
10.807162284851074
10.719968795776367
10.938520431518555
10.872492790222168
11.681153297424316
11.603107452392578
11.824470520019531
11.963769912719727
11.047660827636719
10.895706176757812
10.908775329589844
10.418834686279297
10.309459686279297
10.45443058013916
10.77741813659668
10.642844200134277
10.43853759765625
10.71656608581543
10.12706184387207
11.337932586669922
10.292911529541016
9.935264587402344
9.948631286621094
9.626900672912598
9.994439125061035
9.499853134155273
9.64975643157959
9.33083724975586
9.024794578552246
9.235359191894531
10.279808044433594
9.733025550842285
9.79621696472168
9.248334884643555
9.415884971618652
9.236064910888672
9.03668212890625
9.090946197509766
9.302621841430664
9.230762481689453
9.302018165588379
8.999635696411133
8.740827560424805
9.04778003692627
9.732529640197754
10.011533737182617
9.033578872680664
8.359882354736328
9.548245429992676
9.884466171264648
9.889986991882324
10.177000045776367
9.929553031921387
9.661599159240723
10.437190055847168
9.940872192382812
9.369880676269531
9.38771915435791
9.196395874023438
9.25082778930664
9.391836166381836
8.944169998168945
8.889364242553711
9.135838508605957
8.85755729675293
8.825956344604492
8.948755264282227
8.790413856506348
9.421286582946777
9.58051872253418
9.475537300109863
9.138795852661133
9.039143562316895
9.157773971557617
8.852701187133789
8.830835342407227
8.856136322021484
8.639034271240234
9.08396053314209
9.844367980957031
9.216949462890625
8.919252395629883
9.203290939331055
8.411528587341309
8.451937675476074
8.846794128417969
8.693310737609863
8.742639541625977
8.596006393432617
8.829654693603516
8.982294082641602
8.946401596069336
8.732335090637207
8.781310081481934
8.674967765808105
9.020439147949219
8.834129333496094
8.500701904296875
8.49985122680664
10.75113296508789
10.8373384475708
11.149740219116211
10.554498672485352
10.424581527709961
10.674245834350586
10.568998336791992
10.607452392578125
10.896188735961914
11.247137069702148
11.352794647216797
10.82752513885498
10.567535400390625
10.34478759765625
10.177978515625
10.109811782836914
9.62221908569336
9.690140724182129
9.855487823486328
10.135251998901367
9.833842277526855
9.966605186462402
10.069011688232422
9.66804027557373
9.715520858764648
9.861310958862305
9.679302215576172
9.33773422241211
9.226814270019531
9.758749008178711
9.352985382080078
9.138164520263672
9.12281608581543
9.738280296325684
9.743200302124023
9.567611694335938
9.350715637207031
9.324724197387695
8.926974296569824
8.85981273651123
8.909247398376465
8.440353393554688
8.565958023071289
8.784614562988281
9.086593627929688
8.781932830810547
8.995025634765625
8.81361198425293
9.237388610839844
8.578574180603027
8.534196853637695
8.258257865905762
8.244705200195312
8.866907119750977
9.37205696105957
8.774903297424316
8.65090560913086
8.656059265136719
8.603437423706055
8.238794326782227
8.758810997009277
8.649170875549316
8.565824508666992
8.609376907348633
8.534872055053711
7.9463653564453125
7.960877418518066
8.157075881958008
8.571449279785156
8.920947074890137
8.577110290527344
8.662069320678711
8.83442497253418
8.611444473266602
9.635464668273926
10.720222473144531
10.75839614868164
10.680251121520996
11.085365295410156
10.624591827392578
10.259885787963867
9.879844665527344
10.152874946594238
9.802459716796875
9.687731742858887
9.900915145874023
9.610929489135742
9.77491569519043
9.330085754394531
9.310445785522461
9.174674987792969
9.08906364440918
10.069705963134766
10.368511199951172
9.64272403717041
9.10479736328125
9.146684646606445
8.804218292236328
8.877368927001953
9.052604675292969
9.650114059448242
10.642459869384766
9.975988388061523
9.905098915100098
9.547643661499023
8.980445861816406
8.92857837677002
8.751994132995605
8.993606567382812
9.762592315673828
9.992234230041504
9.609434127807617
9.188652038574219
9.478944778442383
9.53254222869873
9.31619644165039
8.581197738647461
8.649190902709961
9.06413745880127
9.32606315612793
9.760019302368164
9.627763748168945
8.735877990722656
8.482765197753906
8.296783447265625
8.540630340576172
8.32917594909668
8.752096176147461
8.376632690429688
8.751213073730469
8.639663696289062
8.274681091308594
8.470561027526855
8.595115661621094
8.76963996887207
8.261215209960938
7.73826789855957
7.91018533706665
8.473875999450684
8.642261505126953
8.458108901977539
8.706134796142578
7.79325008392334
7.757412910461426
7.825438976287842
7.89020299911499
8.071525573730469
7.756028175354004
7.495229721069336
8.41102409362793
10.215038299560547
10.039803504943848
10.06001091003418
9.770729064941406
9.071685791015625
9.049859046936035
9.015026092529297
9.136953353881836
9.460991859436035
10.631023406982422
10.010455131530762
9.321094512939453
9.183258056640625
9.063591003417969
8.846536636352539
8.839813232421875
8.352184295654297
8.762377738952637
8.439009666442871
8.848566055297852
8.711099624633789
8.635652542114258
8.723203659057617
9.077642440795898
8.84390640258789
8.586212158203125
8.317798614501953
8.403810501098633
8.796672821044922
8.552911758422852
8.277791976928711
8.560333251953125
8.417703628540039
8.188508987426758
8.175662994384766
8.442923545837402
8.022056579589844
7.937893867492676
8.23118782043457
7.960290908813477
8.291330337524414
8.087823867797852
8.132495880126953
8.090585708618164
7.697031497955322
7.795077323913574
7.834926605224609
7.890494346618652
7.981809616088867
7.663694381713867
7.4630632400512695
8.051121711730957
7.741202354431152
7.226307392120361
7.719846725463867
7.9895429611206055
7.62307071685791
7.291763782501221
7.497371673583984
7.358905792236328
7.370181560516357
7.34138298034668
7.899555683135986
7.742465019226074
7.743077278137207
7.826428413391113
7.914766311645508
7.749020099639893
7.457920074462891
7.403371810913086
7.5173659324646
7.5948872566223145
7.443145275115967
7.407903671264648
7.41458797454834
7.5816779136657715
7.417081832885742
7.095788955688477
7.223942756652832
7.384121894836426
7.818432807922363
7.516845226287842
6.9410858154296875
7.319453239440918
7.6971116065979
7.5273518562316895
7.538518905639648
8.124822616577148
7.877935886383057
7.338003635406494
6.938699722290039
6.923198699951172
7.507049083709717
7.8348541259765625
8.424664497375488
8.36459732055664
7.893887042999268
7.713831424713135
8.192697525024414
7.999911308288574
7.7030439376831055
8.542587280273438
7.793135643005371
7.2835373878479
7.454170227050781
7.260353088378906
8.092634201049805
8.357114791870117
7.898873329162598
7.971306324005127
8.060632705688477
8.02971076965332
7.384230613708496
6.742700099945068
7.04421854019165
7.453216552734375
7.009479522705078
7.6333160400390625
7.732981204986572
7.930716514587402
8.04538345336914
7.616246700286865
6.512616157531738
6.538373947143555
6.562535762786865
6.207458019256592
6.4804205894470215
7.002561569213867
6.7667927742004395
7.509881496429443
6.842041492462158
7.05988883972168
6.756898403167725
6.435936450958252
6.001478672027588
6.50423526763916
6.918968200683594
7.067232131958008
6.024714946746826
6.271518707275391
6.3240838050842285
6.461001396179199
6.6116838455200195
6.649744510650635
6.078707695007324
5.9112548828125
5.83165168762207
6.178869247436523
6.097918510437012
8.040618896484375
8.197837829589844
8.131854057312012
8.005722999572754
7.558123588562012
7.734479904174805
8.237957000732422
7.921689510345459
7.501980781555176
7.231226921081543
7.8953351974487305
8.14539909362793
8.289373397827148
8.233062744140625
7.502213001251221
7.532290458679199
7.416421890258789
7.22475528717041
8.234380722045898
8.043277740478516
7.589694976806641
7.635035514831543
7.070182800292969
7.108951568603516
6.919841289520264
7.157873630523682
8.625539779663086
7.689455032348633
7.5069780349731445
7.93317985534668
7.537631034851074
7.001988410949707
6.975941181182861
7.159607410430908
7.204678058624268
7.780368328094482
7.441662311553955
7.468270778656006
7.3325347900390625
7.082584381103516
6.731459617614746
6.995926856994629
7.226458549499512
8.171253204345703
7.5756635665893555
7.2715020179748535
7.017065048217773
6.70081901550293
6.572155475616455
6.641927719116211
7.9199604988098145
8.961919784545898
8.859992980957031
8.534452438354492
8.58460807800293
8.499371528625488
8.701863288879395
8.712897300720215
8.36313247680664
8.322732925415039
9.089406967163086
9.292875289916992
8.539865493774414
8.08564567565918
8.096567153930664
7.717719554901123
7.708783149719238
8.411291122436523
8.192697525024414
8.6633882522583
8.215352058410645
7.902247428894043
7.985878944396973
7.753725528717041
7.814825057983398
7.501223564147949
7.419069290161133
7.890076160430908
7.60903787612915
7.678712368011475
7.516775131225586
7.793707847595215
7.9231486320495605
7.856605529785156
7.309783935546875
7.448213577270508
7.731121063232422
8.170438766479492
7.559141159057617
7.3476386070251465
7.2604265213012695
6.699878692626953
7.099268913269043
7.148591041564941
7.835608005523682
7.399317741394043
7.1136980056762695
7.166644096374512
7.071436882019043
6.794607162475586
6.829812049865723
7.051675796508789
7.655909538269043
7.086034297943115
7.345952033996582
7.28648567199707
6.956264495849609
6.708817005157471
6.9231462478637695
7.6307759284973145
7.163821220397949
7.048591613769531
6.824211120605469
6.908733367919922
6.5055694580078125
6.931735038757324
6.9890336990356445
7.216809272766113
6.891070365905762
7.263915061950684
6.978543758392334
6.35465145111084
6.286598205566406
6.952323913574219
7.184562683105469
6.857306957244873
7.147384166717529
6.890122413635254
6.350649833679199
6.2203779220581055
7.0153398513793945
6.867900848388672
6.983278274536133
6.932721138000488
6.531585216522217
6.012698173522949
6.3354949951171875
6.280972480773926
6.650241851806641
6.398344039916992
6.50187349319458
6.639963626861572
6.237977981567383
6.215831279754639
6.4946136474609375
6.276727676391602
6.495805740356445
7.02329158782959
6.620347023010254
6.212863922119141
6.079833984375
6.146429061889648
6.3010573387146
6.66813850402832
6.330366611480713
6.613913059234619
6.503032684326172
6.348588943481445
6.235638618469238
6.2652997970581055
6.196775436401367
6.411813735961914
6.169872283935547
6.14278507232666
5.990593433380127
5.79180908203125
5.933103561401367
6.195527076721191
6.047019958496094
6.096254825592041
6.0172882080078125
6.14987850189209
5.796171188354492
5.714982986450195
5.944890022277832
6.558572769165039
7.4197611808776855
7.2621564865112305
7.290065765380859
7.129115104675293
7.158987045288086
6.985037803649902
7.464552879333496
7.348834991455078
7.376097679138184
7.638686656951904
7.199089050292969
6.888322830200195
6.742278099060059
7.458307266235352
6.965479850769043
7.3167314529418945
7.0585222244262695
6.786563396453857
6.674289703369141
6.867247104644775
6.711695671081543
7.413454055786133
7.19378137588501
6.847990989685059
6.704151153564453
8.202640533447266
7.842896461486816
7.676331996917725
7.496060371398926
7.602930068969727
7.268442630767822
7.359607219696045
7.21413516998291
7.489486217498779
7.216247081756592
7.40797233581543
7.137467384338379
7.108710289001465
7.101390838623047
7.140933036804199
7.301935195922852
7.777921199798584
7.090591907501221
6.955004692077637
7.113551139831543
7.399375915527344
7.639745712280273
8.046662330627441
7.173476219177246
7.097173690795898
6.645078659057617
6.95950984954834
7.084770202636719
7.005017280578613
6.680186748504639
6.403982162475586
6.386387825012207
6.579551696777344
6.804368019104004
6.440621376037598
6.418546199798584
6.271125793457031
6.388155460357666
6.378849983215332
6.747147083282471
6.295562267303467
6.141939163208008
6.373824119567871
6.270562648773193
6.366672515869141
6.157885551452637
6.420156478881836
6.229093074798584
6.092888832092285
6.167728424072266
7.269242286682129
7.242329120635986
7.347023010253906
7.288671970367432
7.377492904663086
7.491905212402344
7.568854331970215
7.520382404327393
7.603089332580566
7.5000152587890625
7.655648231506348
7.4361348152160645
7.664377212524414
7.503731727600098
7.474067211151123
7.254537582397461
7.212795734405518
7.471827507019043
7.280882835388184
7.851644515991211
7.089029312133789
7.071037292480469
6.965640068054199
7.027760982513428
7.475100994110107
6.952757358551025
7.1000213623046875
7.009936332702637
6.933756351470947
7.382763862609863
6.864068984985352
6.934666633605957
6.7064127922058105
6.668286323547363
7.233178615570068
7.229537010192871
6.932641506195068
6.943026065826416
6.5696024894714355
6.532248020172119
6.853988170623779
6.913060188293457
6.821820259094238
6.711670875549316
6.507338523864746
6.506774425506592
6.558154106140137
6.44589900970459
6.497630596160889
6.2988176345825195
6.375789642333984
6.249697685241699
6.821686744689941
6.562989711761475
6.468598365783691
6.269166946411133
6.3077311515808105
6.530081748962402
6.117306709289551
6.204173564910889
6.166932106018066
6.262218952178955
6.599164009094238
6.457335472106934
6.139066219329834
6.068423271179199
6.18100643157959
6.240874767303467
6.170562744140625
5.99886417388916
5.941320896148682
6.012360572814941
6.225893974304199
6.085623741149902
5.903295516967773
8.230923652648926
7.87319278717041
7.863613605499268
7.7484331130981445
7.816771507263184
8.010334968566895
7.974832534790039
7.7921271324157715
7.548858642578125
7.477829933166504
7.729998588562012
7.673525333404541
7.632800579071045
7.746459007263184
7.691198348999023
7.281597137451172
7.314974308013916
7.676578998565674
7.216749668121338
7.055156707763672
7.33920955657959
6.9247541427612305
6.962956428527832
7.422431945800781
7.573920726776123
6.961553573608398
7.180817604064941
6.864518165588379
7.255805015563965
7.195042610168457
6.868262767791748
6.863482475280762
6.761748790740967
6.907365798950195
7.13484001159668
6.838168144226074
6.546733379364014
6.729211807250977
6.370800495147705
6.782046318054199
7.287911891937256
6.88336181640625
6.805755615234375
6.68058967590332
6.828819274902344
7.261624813079834
6.680912971496582
6.846303939819336
6.618075370788574
8.572965621948242
14.38814926147461
14.018685340881348
13.672636032104492
13.739437103271484
13.628227233886719
13.683821678161621
13.273500442504883
13.077634811401367
12.753120422363281
13.183696746826172
12.953108787536621
13.494644165039062
12.738670349121094
12.613635063171387
13.036857604980469
13.238485336303711
12.844453811645508
13.178836822509766
12.224072456359863
12.349380493164062
12.1203031539917
11.393430709838867
12.012558937072754
11.482137680053711
11.387774467468262
11.432315826416016
10.929130554199219
10.6802339553833
10.73106575012207
10.862022399902344
10.8251953125
10.896464347839355
10.858489990234375
10.762322425842285
10.65949821472168
10.736536026000977
11.143548965454102
11.129234313964844
11.231613159179688
10.98593521118164
11.28537368774414
10.621607780456543
10.738313674926758
10.339069366455078
10.785512924194336
10.572394371032715
10.296363830566406
10.373388290405273
9.803312301635742
9.531137466430664
10.363703727722168
10.063910484313965
10.203164100646973
10.244138717651367
9.737058639526367
8.973969459533691
9.117441177368164
9.043773651123047
9.504232406616211
9.267438888549805
9.217490196228027
9.4769868850708
8.674373626708984
9.338428497314453
9.123525619506836
8.638811111450195
8.287864685058594
8.647157669067383
8.567256927490234
8.644661903381348
8.146402359008789
8.019989013671875
8.647228240966797
8.33293342590332
8.004676818847656
8.058939933776855
7.850034236907959
8.033309936523438
7.8074870109558105
8.536685943603516
8.031685829162598
8.39978313446045
8.232510566711426
7.804439544677734
8.338894844055176
8.151508331298828
7.840024948120117
8.079326629638672
8.130697250366211
7.578130722045898
7.4910430908203125
7.551882266998291
8.23036003112793
7.865657806396484
7.654793739318848
7.747674942016602
7.440254211425781
7.376328468322754
7.305455207824707
7.140351295471191
8.788260459899902
8.743878364562988
8.649249076843262
8.370304107666016
8.323437690734863
8.196067810058594
7.603612422943115
7.248411178588867
7.672595977783203
7.713608264923096
7.428118705749512
7.084205627441406
7.11948299407959
7.256145477294922
7.898130416870117
7.214467525482178
6.9113593101501465
6.574981689453125
6.889578819274902
6.9585466384887695
6.740548133850098
6.5378007888793945
6.161560535430908
6.199197769165039
6.66860294342041
6.392762184143066
6.429070472717285
6.99127197265625
6.726832389831543
6.501534938812256
6.355191230773926
6.246059894561768
5.922201633453369
6.417698860168457
6.36820125579834
6.432399749755859
6.231592655181885
5.876910209655762
6.083621501922607
5.908058166503906
6.3740925788879395
6.242026329040527
5.8098835945129395
5.567862510681152
5.610044956207275
5.920180320739746
6.0897393226623535
5.908477783203125
5.650865077972412
5.840110778808594
5.555912017822266
6.028055191040039
5.663520812988281
5.700919151306152
5.351296424865723
5.5693182945251465
5.628255367279053
5.6996283531188965
5.55230188369751
5.467742443084717
5.140293121337891
5.313945770263672
5.517291069030762
5.609298229217529
5.5288405418396
5.12899112701416
5.049420356750488
5.4029388427734375
5.141939163208008
5.329723358154297
5.282199382781982
5.338711261749268
5.211831092834473
5.130819320678711
5.098428726196289
5.9284443855285645
5.828232765197754
5.544928550720215
5.745265007019043
5.762956142425537
5.918472766876221
5.683096885681152
5.4696946144104
5.475733757019043
5.793511390686035
5.664191246032715
5.630277633666992
5.690932273864746
5.381624221801758
5.410552024841309
5.507551193237305
5.61724853515625
5.776010513305664
5.836480140686035
5.42587423324585
5.275091171264648
5.609933853149414
5.365556240081787
5.470192909240723
5.6082563400268555
5.2979736328125
5.311540603637695
5.377250671386719
5.3251543045043945
5.341822624206543
5.387660980224609
5.048759460449219
5.230439186096191
5.387423038482666
5.15142822265625
5.278188705444336
5.205467224121094
5.0857954025268555
5.088932037353516
5.311001777648926
5.078213214874268
5.202460765838623
5.139326095581055
5.080413341522217
5.0097784996032715
5.017307281494141
5.0876569747924805
4.870660781860352
4.996842384338379
5.228886604309082
4.973209381103516
4.974282264709473
4.823433876037598
4.897375106811523
4.944008827209473
5.360633850097656
5.286458492279053
4.864316940307617
4.831371307373047
5.0114922523498535
5.06355619430542
5.314538478851318
5.207551956176758
4.8105950355529785
5.04782772064209
4.876949310302734
4.980147361755371
5.127527236938477
4.950645923614502
4.8663129806518555
5.18412446975708
4.874654293060303
4.831758499145508
5.251467704772949
4.963727951049805
4.902509689331055
5.001173496246338
4.887394905090332
5.027738094329834
5.065145969390869
4.893932819366455
4.71707820892334
4.883328914642334
4.880795478820801
4.999156951904297
4.850937366485596
4.715795516967773
4.862212657928467
4.630695343017578
4.771609306335449
5.0802001953125
4.8251543045043945
4.692656993865967
4.816978454589844
4.790619850158691
4.898876190185547
4.953419208526611
4.824761390686035
4.661318778991699
4.731311321258545
4.8277788162231445
4.842771053314209
5.0631232261657715
4.889834403991699
4.557591438293457
4.857717037200928
4.749770164489746
4.812027931213379
5.00794792175293
4.648787498474121
4.924896240234375
4.598087310791016
4.794798851013184
4.792806625366211
4.649777412414551
4.663325309753418
4.750932693481445
4.843728065490723
4.987654685974121
4.644989967346191
4.577328681945801
4.626958847045898
4.653444290161133
4.78218936920166
4.705118179321289
5.375392436981201
5.341930389404297
5.253371238708496
5.334552764892578
4.989572525024414
5.168408393859863
5.100244998931885
5.231513023376465
4.968790054321289
5.024087429046631
4.973474979400635
5.029635906219482
5.027523040771484
5.056382179260254
4.807249069213867
5.0970001220703125
5.043134689331055
5.068386077880859
5.366916656494141
4.946009635925293
4.907581329345703
4.985090255737305
4.9575934410095215
5.060542106628418
4.756082534790039
4.870983123779297
4.841436386108398
5.107633113861084
4.843555927276611
4.751701831817627
4.947865962982178
4.825405597686768
5.0554046630859375
4.884346008300781
4.672305107116699
4.95522928237915
4.857611179351807
5.129281997680664
4.770284175872803
4.618595123291016
4.778134346008301
4.894346714019775
4.946722507476807
4.754262447357178
4.59914493560791
4.836296081542969
4.707961082458496
4.931622505187988
4.812043190002441
4.576865196228027
4.613954067230225
4.835268020629883
4.712725639343262
4.759998321533203
4.567965984344482
4.461210250854492
4.648440361022949
4.68205451965332
4.762990951538086
4.516842842102051
4.6186323165893555
4.616960525512695
4.622544288635254
4.659191608428955
4.670881271362305
4.518107891082764
4.453293800354004
4.676673412322998
4.583165645599365
4.635753631591797
4.621342658996582
4.520750522613525
4.355288028717041
4.5250372886657715
4.764322280883789
5.159247398376465
4.808892250061035
4.7632222175598145
4.666224479675293
4.948648452758789
4.8324127197265625
5.001707077026367
4.991416931152344
4.563097953796387
4.581120491027832
4.778122901916504
5.132551670074463
4.994431495666504
4.9507269859313965
4.595251083374023
4.614811897277832
4.794613838195801
4.92227840423584
4.870760917663574
4.5718841552734375
4.323530197143555
5.137312889099121
4.742311477661133
4.859462261199951
6.047122001647949
6.0811543464660645
6.140547275543213
6.002276420593262
5.926076412200928
5.977045059204102
5.998088836669922
5.971819877624512
5.90658712387085
5.82847785949707
6.075965881347656
5.573774814605713
5.607306480407715
5.920141220092773
5.604486465454102
5.500226974487305
5.740326404571533
5.386019706726074
5.8586931228637695
5.762665748596191
5.334156513214111
5.394004821777344
5.219333648681641
5.34337854385376
5.459304332733154
5.356136798858643
5.507892608642578
5.183997631072998
5.196017265319824
5.320560932159424
5.146640777587891
5.634491443634033
5.3324737548828125
5.147201061248779
5.244072914123535
5.3053388595581055
5.151840686798096
5.238565444946289
4.992046356201172
5.105496406555176
5.258756637573242
5.075244903564453
5.247440338134766
4.960964202880859
5.259917259216309
5.15194034576416
5.171168327331543
5.025853157043457
5.140582084655762
4.94687557220459
5.149715423583984
4.644196510314941
4.737183094024658
4.96139669418335
4.705718994140625
4.671593189239502
4.786559104919434
4.850710868835449
4.654751777648926
4.555760860443115
5.041507720947266
4.621345520019531
4.827162742614746
4.620232582092285
4.654983043670654
4.644007682800293
4.471452236175537
4.773277759552002
4.491930961608887
4.612765789031982
4.508208751678467
4.53464937210083
4.8163018226623535
4.425055027008057
4.461360931396484
4.730273246765137
5.308688163757324
4.895879745483398
4.762930393218994
4.856247425079346
4.7148942947387695
4.7846221923828125
4.699100971221924
4.42020845413208
4.321249008178711
4.574789047241211
4.387902736663818
4.398242473602295
4.4257965087890625
4.185605049133301
4.534015655517578
4.361184120178223
4.198202133178711
4.46208381652832
4.1191229820251465
4.6341657638549805
4.254515647888184
4.27202033996582
4.2358222007751465
4.120671272277832
4.245254993438721
4.307847499847412
4.140474319458008
4.221151351928711
4.063049793243408
4.5581817626953125
4.23349666595459
4.053037643432617
4.320772171020508
4.042888641357422
4.0215959548950195
4.412747859954834
4.129034042358398
4.316898822784424
3.981386661529541
4.038535118103027
4.207765579223633
4.077808380126953
4.085546970367432
3.8681623935699463
3.995445728302002
4.1812238693237305
4.0674591064453125
4.1912431716918945
3.927713632583618
4.022008895874023
4.100381851196289
4.0373945236206055
4.152293682098389
3.845435619354248
4.028014659881592
4.216709613800049
4.016502380371094
4.049938201904297
3.8282546997070312
4.141810417175293
3.9093756675720215
4.014312267303467
3.9558706283569336
3.7929604053497314
4.183839797973633
3.9223930835723877
3.887965202331543
3.8234434127807617
3.8017995357513428
4.075335502624512
3.820405960083008
3.9170784950256348
3.821479320526123
3.744330883026123
3.8151726722717285
6.188011169433594
5.872726917266846
5.741393566131592
5.749134540557861
5.663492202758789
5.6911301612854
5.532718658447266
5.4996442794799805
5.739721298217773
5.206119537353516
5.245911598205566
5.272976398468018
5.576395511627197
5.345891952514648
5.335559368133545
5.377567291259766
5.096844673156738
5.103488445281982
5.434597969055176
5.3439249992370605
5.262314796447754
5.498600959777832
5.061760902404785
5.116366863250732
5.282976150512695
5.328146457672119
5.123602867126465
4.910970687866211
4.8506293296813965
5.113106727600098
5.176938056945801
5.094718933105469
4.983396053314209
4.721619606018066
5.121028423309326
5.079985618591309
5.071331024169922
4.852071762084961
4.580448150634766
4.840061187744141
5.060272216796875
5.00554895401001
4.7363386154174805
4.6623687744140625
4.656954765319824
4.876842498779297
4.716207504272461
4.660752296447754
4.767592430114746
4.475531101226807
7.18911075592041
6.835163116455078
7.055566787719727
6.941405296325684
7.037525653839111
6.999731063842773
6.849102020263672
7.187438488006592
7.152036190032959
6.997640609741211
6.80195426940918
6.756975173950195
6.693690299987793
6.928048610687256
6.915188789367676
6.602222919464111
6.76643705368042
6.73290491104126
6.745213985443115
6.746533393859863
6.574007034301758
6.845086574554443
6.465170860290527
6.576999664306641
6.7080864906311035
6.206026077270508
6.174722671508789
6.225419044494629
6.1424760818481445
6.530612945556641
6.30921745300293
6.152831077575684
6.028775215148926
5.974330425262451
6.035029411315918
6.126076698303223
6.410013198852539
6.177127838134766
5.863131999969482
5.917751312255859
5.926326274871826
6.056240558624268
5.870143890380859
5.909804344177246
6.06357479095459
5.717493534088135
5.7439494132995605
5.924463272094727
5.814018726348877
5.980240821838379
5.658725738525391
5.859508514404297
5.907535552978516
5.56033992767334
5.574063301086426
5.395718574523926
5.945316791534424
5.732431411743164
5.555562973022461
5.449336051940918
5.314225196838379
5.6952409744262695
5.542562484741211
5.327577590942383
5.401914596557617
5.281670570373535
5.544849395751953
5.375622272491455
5.304037094116211
5.428043365478516
5.230171203613281
5.6553192138671875
5.506511688232422
5.183432102203369
5.199989318847656
5.158727169036865
5.358613967895508
5.346014022827148
5.123276710510254
5.134143829345703
5.281792163848877
5.138071060180664
5.342245101928711
5.1826605796813965
5.047355651855469
5.196897506713867
5.131772041320801
5.33493709564209
5.189760208129883
4.9576029777526855
5.129648208618164
5.018466949462891
5.113357067108154
5.049376487731934
4.91671085357666
4.983598709106445
4.95518159866333
5.0265350341796875
4.90897274017334
5.084738254547119
5.529235363006592
5.3137946128845215
5.234015941619873
5.2928972244262695
5.122939109802246
5.143760681152344
5.536086559295654
5.051312446594238
4.8605194091796875
5.029792785644531
4.863640785217285
5.447604656219482
5.078056335449219
5.098325729370117
4.930367469787598
4.898502349853516
5.412872314453125
4.955670356750488
4.953490257263184
4.899297714233398
4.816140174865723
5.148663520812988
4.906557559967041
5.1058783531188965
4.882941246032715
4.713855743408203
4.920860290527344
4.75935173034668
4.845332145690918
4.854342937469482
4.597562313079834
4.966928005218506
4.736527919769287
4.634577751159668
4.821463108062744
4.4620561599731445
4.788666725158691
4.871147155761719
4.642753601074219
4.659502983093262
4.346552848815918
4.585840702056885
4.655675888061523
4.604509353637695
4.6724019050598145
4.537854194641113
4.471555233001709
4.774330139160156
4.576351165771484
4.531850814819336
4.450605392456055
4.384405136108398
4.489013671875
4.6173577308654785
4.442661285400391
4.51068115234375
4.595399856567383
4.364360809326172
4.6828131675720215
4.3425703048706055
4.512207984924316
4.656023979187012
4.221437454223633
4.381659507751465
4.590538024902344
4.363712787628174
4.493701934814453
4.2697858810424805
4.246016502380371
4.4782938957214355
4.328367710113525
4.450889587402344
4.447239398956299
4.144057273864746
4.234235763549805
4.35469913482666
4.229581356048584
4.400485992431641
4.178276062011719
4.2873077392578125
4.254772186279297
4.158761501312256
4.2868523597717285
4.252920150756836
4.0732550621032715
4.46758508682251
4.260885238647461
4.400298595428467
4.339666366577148
4.044384956359863
4.349997520446777
4.039201259613037
4.310063362121582
4.118053913116455
3.994561195373535
4.365123271942139
4.090079307556152
4.178247451782227
4.170018672943115
3.919675350189209
4.357943534851074
4.073703289031982
4.2931928634643555
3.8945398330688477
4.029390335083008
4.240673542022705
4.054266929626465
4.074526786804199
4.038250923156738
3.9341304302215576
4.175227165222168
3.905440330505371
4.0758280754089355
3.9287314414978027
3.784320831298828
4.106451988220215
3.94932222366333
4.046674728393555
3.958625078201294
3.8455402851104736
4.059731483459473
3.9136972427368164
3.9961652755737305
4.023900508880615
3.7072196006774902
4.072420120239258
3.8566741943359375
3.802300453186035
4.139748573303223
3.662102222442627
3.8357231616973877
3.910236120223999
3.7813611030578613
3.684967517852783
3.8004794120788574
3.7908341884613037
3.858497142791748
3.889370918273926
3.647136926651001
3.7624521255493164
3.9095585346221924
3.6656494140625
3.800225257873535
3.7759480476379395
3.6489477157592773
3.6766374111175537
3.765744686126709
3.8132219314575195
3.595334053039551
3.9437620639801025
5.5476460456848145
5.5252838134765625
5.422355651855469
5.519977569580078
5.596377372741699
5.497458457946777
5.331546783447266
5.31899881362915
5.464225769042969
5.711872100830078
5.63107442855835
5.2252702713012695
5.236429214477539
5.115135669708252
5.201094627380371
5.7250657081604
5.638286113739014
5.112899303436279
5.068793296813965
5.053520202636719
5.301671028137207
5.379626274108887
5.337049961090088
5.25532341003418
5.148043632507324
5.33315896987915
5.42819881439209
5.035889625549316
4.982002258300781
5.283293724060059
4.944766044616699
5.692588806152344
5.294508934020996
5.134176254272461
4.900023460388184
4.994471549987793
5.1691203117370605
5.1193060874938965
4.879064559936523
4.974485874176025
4.742208480834961
4.730136394500732
5.053671836853027
5.2933502197265625
4.9476165771484375
4.891969203948975
4.655620574951172
4.866326808929443
5.586091041564941
4.792604446411133
4.902066230773926
4.681033134460449
4.742774963378906
5.104587078094482
4.804771423339844
4.685947418212891
4.749148368835449
4.7514238357543945
4.73824405670166
4.635098457336426
4.7022905349731445
4.829993724822998
4.525359153747559
4.859891891479492
5.088043212890625
4.7835187911987305
4.763721942901611
4.5346832275390625
4.7018327713012695
4.792280197143555
4.589176654815674
4.724123477935791
4.444365978240967
4.69375467300415
5.0984206199646
4.652554512023926
4.657336235046387
4.474526405334473
4.870075225830078
4.849677085876465
4.5829010009765625
4.590330123901367
4.485903739929199
4.489132404327393
4.754162788391113
4.537393093109131
4.941347122192383
4.447744846343994
4.777462005615234
4.673406600952148
4.673001289367676
4.44525146484375
4.812230110168457
4.7737627029418945
4.473404884338379
4.714730262756348
4.4306321144104
4.505157470703125
4.678607940673828
4.561184883117676
4.534440040588379
4.265658378601074
4.632781028747559
4.586130142211914
4.47113561630249
4.46396541595459
4.253949165344238
4.482492446899414
4.3781867027282715
4.4296979904174805
4.473750114440918
4.356008529663086
4.338483810424805
4.500759601593018
4.2881388664245605
4.421634674072266
4.325850009918213
4.254105091094971
4.331027984619141
4.313799858093262
4.158740997314453
4.347296714782715
4.175432205200195
4.5018815994262695
4.350323677062988
4.541483402252197
4.392818450927734
4.19002103805542
4.343446731567383
4.366359710693359
4.206295967102051
4.231120586395264
4.134467124938965
4.655304908752441
4.292225360870361
4.345658779144287
4.30865478515625
4.038869380950928
4.200749397277832
4.329193115234375
4.153060436248779
4.3353681564331055
4.045761585235596
4.488072395324707
4.14788818359375
4.1285552978515625
4.152841567993164
4.216291427612305
4.159765243530273
4.139545440673828
4.062469959259033
4.268933296203613
3.9744009971618652
4.132523059844971
4.155543327331543
4.275068283081055
4.21769905090332
4.059235572814941
4.292370796203613
4.076354026794434
4.320751667022705
4.3475565910339355
3.9296159744262695
4.262212753295898
3.917032241821289
4.336748123168945
4.0882978439331055
3.9280648231506348
4.208479881286621
4.0019426345825195
4.08646821975708
4.006136894226074
3.851182222366333
4.031169891357422
3.974292755126953
4.0374250411987305
4.154414176940918
3.892324209213257
3.988104820251465
3.968162775039673
3.865272283554077
3.9486770629882812
3.8209102153778076
3.909172534942627
3.852966785430908
4.104082107543945
3.8695120811462402
4.130854606628418
3.829014778137207
3.961678981781006
3.9984078407287598
3.859096050262451
4.29136848449707
4.0305023193359375
3.8680131435394287
4.177473068237305
3.9004387855529785
4.246251106262207
3.83294939994812
4.154476642608643
4.674505233764648
4.6938676834106445
4.812534332275391
4.978687763214111
4.830831527709961
4.699734210968018
4.5904541015625
4.732325553894043
4.777405738830566
4.587449550628662
4.687206268310547
4.471586227416992
4.537144660949707
4.851890563964844
4.6457929611206055
4.621380805969238
4.741413593292236
4.633638381958008
4.840116500854492
4.567195892333984
4.573915481567383
4.530369758605957
4.536487102508545
4.705360412597656
4.51148796081543
4.349867343902588
4.494217872619629
4.366992950439453
4.477409362792969
4.649018287658691
4.49918794631958
4.348774433135986
4.600815773010254
4.406764984130859
4.497609615325928
4.47966194152832
4.285130023956299
4.714081764221191
4.427397727966309
4.440797805786133
4.474536895751953
4.224241256713867
4.525808811187744
4.333739280700684
4.523001670837402
4.634533405303955
4.269448757171631
4.341919422149658
4.230703830718994
4.9571356773376465
4.723250389099121
4.58306884765625
4.747611045837402
4.6396355628967285
4.4868059158325195
4.52153205871582
4.409804344177246
4.882193088531494
4.490854740142822
4.572244167327881
4.363534927368164
4.563949108123779
4.650470733642578
4.48320198059082
4.726080894470215
4.535860061645508
4.353470325469971
4.604327201843262
4.527240753173828
4.777995586395264
4.479760646820068
4.297990798950195
4.655919075012207
4.362120628356934
4.646472454071045
4.3866496086120605
4.705259799957275
4.604805946350098
4.515939712524414
4.318367958068848
4.345983505249023
4.569523334503174
4.438816070556641
4.398035526275635
4.379178524017334
4.4244160652160645
4.349745273590088
4.384123802185059
4.31157922744751
4.177233695983887
4.3387603759765625
4.146701335906982
4.353089332580566
4.307326793670654
4.2425127029418945
4.61615514755249
4.335899829864502
4.435864448547363
4.214693069458008
4.265772819519043
4.401106834411621
4.34200382232666
4.330214500427246
4.152322769165039
4.310922622680664
4.406900882720947
4.208124160766602
4.422834396362305
4.202418327331543
4.245674133300781
4.486894607543945
4.358933925628662
4.285152912139893
4.170116424560547
4.521683216094971
4.255440711975098
4.48611307144165
4.207712173461914
4.2579474449157715
4.35384464263916
4.172115325927734
4.410253524780273
4.122971057891846
4.205876350402832
4.204190731048584
4.19002628326416
4.357789993286133
4.103287220001221
4.276528358459473
4.109537124633789
4.285637855529785
4.425668716430664
4.108726501464844
4.24835205078125
4.314667701721191
4.39818000793457
4.11837100982666
4.102463245391846
4.144704341888428
4.095170497894287
4.477720260620117
4.215364456176758
4.131603240966797
4.46320915222168
4.16166877746582
4.475262641906738
4.093086242675781
4.0511603355407715
4.384325981140137
4.092475891113281
4.258841514587402
4.084616661071777
4.2662434577941895
4.1387834548950195
4.1906890869140625
4.183795928955078
4.058768272399902
4.292225360870361
4.088749408721924
4.382961750030518
4.062588691711426
4.237735748291016
4.169948101043701
4.225498676300049
4.367391586303711
4.0446367263793945
4.104519367218018
4.0182390213012695
4.29078483581543
4.089601993560791
4.071063041687012
4.204742431640625
4.114989280700684
4.116898536682129
3.963489294052124
3.8885788917541504
3.815983533859253
3.8657686710357666
4.117212772369385
3.849027156829834
3.9664809703826904
3.8553948402404785
4.001642227172852
4.011458873748779
3.8719863891601562
4.0308837890625
3.852231025695801
3.8193280696868896
3.8823354244232178
3.9757091999053955
4.096816062927246
4.150973320007324
3.9784555435180664
3.893000364303589
3.888838052749634
4.113958358764648
3.907522439956665
4.06552791595459
3.9694576263427734
3.897505760192871
3.8882503509521484
3.7864460945129395
4.196824550628662
3.9895358085632324
4.005450248718262
3.8860392570495605
3.9523556232452393
4.0751142501831055
3.9737319946289062
4.133464336395264
3.9293336868286133
4.197450637817383
3.8497300148010254
3.9476587772369385
3.9584848880767822
4.037436485290527
3.940260887145996
4.043759346008301
3.912217855453491
4.070261001586914
3.871163845062256
3.9193387031555176
3.9047837257385254
3.9204869270324707
4.082483291625977
3.858693838119507
4.063446998596191
3.848517894744873
4.121771812438965
3.7986226081848145
3.8295114040374756
3.948397636413574
3.9153006076812744
3.9502110481262207
3.8080930709838867
4.277224540710449
3.7540502548217773
3.8922510147094727
3.7722601890563965
3.9594767093658447
3.9727377891540527
3.8218250274658203
3.713136911392212
3.7814419269561768
3.7478690147399902
3.714120864868164
3.8477087020874023
3.782461643218994
3.7935307025909424
4.040535926818848
3.6461920738220215
3.978039503097534
3.8440518379211426
3.9647626876831055
3.8851678371429443
3.7321181297302246
3.744274139404297
3.737410068511963
3.7222588062286377
3.704317569732666
3.8565618991851807
3.694992780685425
3.600084066390991
3.908191442489624
3.653601884841919
3.8269312381744385
3.6748900413513184
3.600177764892578
3.847754716873169
3.6603622436523438
3.8051443099975586
3.617259979248047
3.677617073059082
3.8033905029296875
3.5748443603515625
3.898798942565918
3.657327175140381
3.7145185470581055
3.5900869369506836
3.8530240058898926
3.779294013977051
3.645282030105591
3.7360610961914062
3.7034621238708496
3.8184781074523926
3.53767991065979
3.6654610633850098
3.63468337059021
3.713655948638916
3.683504343032837
3.829868793487549
3.641450881958008
3.6843435764312744
3.8000950813293457
3.619466781616211
3.658325433731079
3.555748224258423
3.717597484588623
3.61277174949646
3.6584322452545166
3.597632646560669
3.521292209625244
3.7211532592773438
3.5495455265045166
3.6195411682128906
3.4973349571228027
3.473936080932617
3.7643673419952393
3.4825496673583984
3.615046501159668
3.511348247528076
3.744345188140869
3.65282940864563
3.48812198638916
3.5831892490386963
3.420485496520996
3.7444403171539307
3.4504456520080566
3.4541285037994385
3.4709150791168213
3.7546138763427734
3.543860673904419
3.5414011478424072
3.5296521186828613
3.6816415786743164
3.63223934173584
3.439600944519043
3.431631088256836
3.5005040168762207
3.5777335166931152
3.4729318618774414
3.386338949203491
3.4905266761779785
3.607165575027466
3.4660816192626953
3.460469961166382
3.5927789211273193
3.47438383102417
3.5702176094055176
3.4119060039520264
3.636878728866577
3.4051880836486816
3.416412353515625
3.478454113006592
3.439272403717041
3.29826021194458
3.4526607990264893
3.3958253860473633
3.6820425987243652
3.400465488433838
3.42502760887146
3.407258987426758
3.8513288497924805
3.488950729370117
3.586989402770996
3.4472200870513916
3.7570443153381348
3.5509228706359863
3.5009207725524902
3.449881076812744
3.4443230628967285
3.583714485168457
3.4869139194488525
3.767530918121338
3.3131825923919678
3.4955334663391113
3.3679237365722656
3.396036148071289
3.352877140045166
3.5028340816497803
3.4847497940063477
3.382448196411133
3.357243537902832
3.4227867126464844
3.773697853088379
3.3034720420837402
3.260719060897827
3.417853832244873
3.6231093406677246
3.3058218955993652
3.4055533409118652
3.256617784500122
3.6866226196289062
3.382225513458252
3.250462532043457
3.2813596725463867
3.3757081031799316
3.6153950691223145
3.281740188598633
3.450878143310547
3.254103183746338
3.537036418914795
3.257901430130005
3.294783115386963
3.377483606338501
3.4271061420440674
3.311990737915039
3.177624464035034
3.388106346130371
3.2897253036499023
3.4827346801757812
3.327970504760742
3.300935745239258
3.245598793029785
3.424043893814087
3.4131202697753906
3.327049493789673
3.258787155151367
3.262869358062744
3.4392802715301514
3.2924394607543945
3.311458110809326
3.286862373352051
3.4136271476745605
3.354224681854248
3.24953293800354
3.2097668647766113
3.4523162841796875
3.390657424926758
3.259324073791504
3.364839553833008
3.2693848609924316
3.6721456050872803
3.3124847412109375
3.303131580352783
3.2561802864074707
3.385605812072754
3.2461230754852295
3.305699110031128
3.2882091999053955
3.431732654571533
3.178224563598633
3.2398478984832764
3.2869393825531006
3.4323220252990723
3.27762508392334
3.2058920860290527
3.4790568351745605
3.2722206115722656
3.5159082412719727
3.176563262939453
3.29547119140625
3.189180374145508
3.4696671962738037
3.2251996994018555
3.2788376808166504
3.3013782501220703
3.2108805179595947
3.338766574859619
3.069486379623413
3.2155375480651855
3.142944812774658
3.2789597511291504
3.3341259956359863
3.2144598960876465
3.2623844146728516
3.255463123321533
3.3427560329437256
3.3019638061523438
3.1424243450164795
3.302615165710449
3.180868625640869
3.5619192123413086
3.1031641960144043
3.395747661590576
3.295938730239868
3.277827262878418
3.2862086296081543
3.0745062828063965
3.22267746925354
3.18386173248291
3.4537017345428467
3.1598925590515137
3.162553310394287
3.2646408081054688
3.2918972969055176
3.2926464080810547
3.1029624938964844
3.1438417434692383
3.0550055503845215
3.3824596405029297
3.213433265686035
3.121805191040039
3.2902843952178955
3.1211962699890137
3.1987788677215576
3.0785624980926514
3.1128957271575928
3.505256414413452
3.1087849140167236
3.160165786743164
3.0127968788146973
3.0521271228790283
3.1899654865264893
3.132864475250244
3.2511186599731445
3.164667844772339
2.9691317081451416
3.098844528198242
3.076547145843506
3.433018207550049
3.148664951324463
3.2000248432159424
3.1085104942321777
2.988295793533325
3.2515392303466797
3.13100004196167
3.2158379554748535
3.1590447425842285
3.304337501525879
3.0969431400299072
3.182138442993164
3.2558064460754395
3.0352282524108887
3.4247841835021973
2.996762990951538
3.253152370452881
3.027038097381592
3.439270496368408
3.0755486488342285
2.965548038482666
3.051422595977783
3.3544509410858154
3.1519277095794678
2.9951438903808594
3.106973886489868
3.048884630203247
3.085779905319214
2.9274702072143555
3.0477614402770996
3.0871007442474365
3.018665313720703
3.1730103492736816
2.987359046936035
3.070939064025879
3.161500930786133
3.1066558361053467
3.0909762382507324
3.1034982204437256
3.0197863578796387
3.1291322708129883
3.0344760417938232
3.251525402069092
3.0020267963409424
3.0884525775909424
3.118089199066162
3.1247668266296387
3.1673836708068848
3.037540912628174
3.2011547088623047
4.0969977378845215
4.166261672973633
4.145046234130859
4.196512222290039
3.9531776905059814
4.251068592071533
4.07583475112915
4.103179931640625
3.8375020027160645
4.089161396026611
4.110409259796143
3.874171733856201
3.7658586502075195
3.798034906387329
3.9225034713745117
3.8504912853240967
3.9590585231781006
3.746068239212036
3.866081714630127
3.841675281524658
3.8520491123199463
3.718400478363037
3.9037232398986816
3.883859395980835
3.7228169441223145
3.7017130851745605
3.9001452922821045
3.7801854610443115
3.678969383239746
3.8037898540496826
3.828181266784668
3.720015525817871
3.7053627967834473
3.6616110801696777
3.653308391571045
3.684406280517578
3.7478652000427246
3.837038516998291
3.6072423458099365
3.753249406814575
3.6202173233032227
3.6188223361968994
3.5309557914733887
3.8226170539855957
3.566183090209961
3.6506967544555664
3.516512393951416
3.592670440673828
3.759883403778076
3.57181715965271
3.6281490325927734
3.457603931427002
3.622777223587036
3.458385944366455
3.681319236755371
3.4400863647460938
3.6094658374786377
3.5137617588043213
3.5714004039764404
3.425071954727173
3.646150588989258
3.561246156692505
3.5023694038391113
3.558032512664795
3.6089165210723877
3.645824432373047
3.4716734886169434
3.4544146060943604
3.417001247406006
3.4498374462127686
3.4781463146209717
3.3584213256835938
3.4422709941864014
3.3569931983947754
3.401512861251831
3.468289375305176
3.4625394344329834
3.2388710975646973
3.439603805541992
3.379148006439209
3.226691246032715
3.3896305561065674
3.414924144744873
3.348426580429077
3.3461365699768066
3.2191720008850098
3.2292349338531494
3.2127511501312256
3.2693252563476562
3.188401699066162
3.1864399909973145
3.169790029525757
3.1975622177124023
3.362555503845215
3.224362850189209
3.183979034423828
3.3327651023864746
3.415975332260132
3.2213141918182373
3.2404727935791016
3.3628387451171875
3.1535069942474365
3.2708232402801514
3.2723536491394043
3.1955809593200684
3.288400173187256
3.1418330669403076
3.388875961303711
3.195526599884033
3.084958791732788
3.479523181915283
3.1724648475646973
3.415099620819092
3.2347912788391113
3.276139736175537
3.3096437454223633
3.236422061920166
3.3636012077331543
3.261767864227295
3.2402334213256836
3.200486898422241
3.233783721923828
3.328922748565674
3.198357105255127
3.210906982421875
3.1626687049865723
3.2011585235595703
3.2187347412109375
3.2084221839904785
3.2294156551361084
3.0635995864868164
3.0419678688049316
3.3589165210723877
3.217113494873047
3.120169162750244
3.261408805847168
3.1412181854248047
3.3011233806610107
3.213357925415039
3.106365919113159
3.142338275909424
3.374171733856201
3.211371421813965
3.2035653591156006
3.167799949645996
3.267965078353882
3.4323439598083496
3.1700336933135986
3.3025779724121094
4.519829750061035
4.860359191894531
4.941678047180176
4.741056442260742
4.569232940673828
4.51651668548584
4.4955973625183105
4.6157660484313965
4.593316555023193
4.5576395988464355
4.543713569641113
4.620162010192871
4.51650333404541
4.345414638519287
4.31512451171875
4.308061599731445
4.348674774169922
4.403594970703125
4.611761569976807
4.32147216796875
4.313875198364258
4.3333845138549805
4.429184913635254
4.395030975341797
4.316102027893066
4.232844829559326
4.269019603729248
4.166994094848633
4.20904541015625
4.172970771789551
4.177762985229492
4.039140701293945
4.04899787902832
4.073213577270508
3.9880573749542236
3.8877952098846436
3.9613046646118164
3.8665614128112793
3.9656288623809814
3.9882493019104004
3.8175697326660156
4.067131042480469
3.9113428592681885
4.001149654388428
3.938157081604004
3.7095489501953125
4.007673263549805
3.803974151611328
3.896346092224121
3.906811237335205
3.747410297393799
3.8368754386901855
3.7691473960876465
3.8712880611419678
3.7277724742889404
3.64298415184021
3.7762036323547363
3.6629886627197266
3.5616166591644287
3.5438783168792725
3.6392440795898438
3.5450427532196045
3.526852607727051
3.474562644958496
3.501372814178467
3.4046366214752197
3.5700974464416504
3.501209259033203
3.565150499343872
3.5588796138763428
3.4671835899353027
3.515925407409668
3.5760369300842285
3.57529616355896
3.808483839035034
3.551917314529419
3.6203529834747314
3.472097158432007
3.5748496055603027
3.6839065551757812
3.5267114639282227
3.5710387229919434
3.6225016117095947
3.4703617095947266
3.7178804874420166
3.4869208335876465
3.598878860473633
3.5210371017456055
3.4677228927612305
3.5722737312316895
3.4676456451416016
3.4497733116149902
3.4806690216064453
3.381896495819092
3.5699214935302734
3.475891590118408
3.4136059284210205
3.462100028991699
3.6365277767181396
3.405831813812256
3.6043219566345215
3.4068031311035156
3.3881547451019287
3.2392916679382324
3.4951388835906982
3.4260263442993164
3.4767487049102783
3.3384907245635986
3.2736053466796875
3.465367078781128
3.4126248359680176
3.4161641597747803
3.2947874069213867
3.2911481857299805
3.358278274536133
3.2503256797790527
3.365605354309082
3.3155570030212402
3.227617025375366
3.406054735183716
3.331300735473633
3.221693277359009
3.4162259101867676
3.186180591583252
3.428586006164551
3.3153786659240723
3.3620944023132324
3.209639072418213
3.2816123962402344
3.423706531524658
3.329881191253662
3.3344948291778564
3.26045823097229
3.3741703033447266
3.340322732925415
3.155155658721924
3.273158073425293
3.228195905685425
3.407175064086914
3.2281291484832764
3.2282776832580566
3.2002792358398438
3.288626194000244
3.258199691772461
3.217413902282715
3.240993022918701
3.1127452850341797
3.1734652519226074
3.1071345806121826
3.1088757514953613
3.140906572341919
4.297225475311279
4.331963539123535
4.456514358520508
4.494976997375488
4.486993789672852
4.264146327972412
4.361515045166016
4.1548357009887695
4.365628242492676
4.28807258605957
4.367805480957031
4.014719009399414
4.204791069030762
4.149432182312012
4.039547443389893
3.9896128177642822
4.1056809425354
3.9752564430236816
3.9791758060455322
3.8702456951141357
4.034956932067871
3.9248204231262207
3.795475482940674
3.811586618423462
3.693419933319092
3.59413743019104
3.7940635681152344
3.609745979309082
3.727611541748047
3.6038081645965576
3.650589942932129
3.510364532470703
3.513326644897461
3.5150904655456543
3.714482545852661
3.486854076385498
3.472278594970703
3.4875450134277344
3.5830636024475098
3.5260047912597656
3.495516777038574
3.505929470062256
3.5770459175109863
3.409127712249756
3.4210662841796875
3.444570541381836
3.4273548126220703
3.527529239654541
3.529019355773926
3.4054770469665527
3.3773396015167236
3.3655099868774414
3.542468786239624
3.342186212539673
3.413142204284668
3.3660175800323486
3.3313450813293457
3.375727653503418
3.4945363998413086
3.3728671073913574
3.3925886154174805
3.3730216026306152
3.3862082958221436
3.3271405696868896
3.3667120933532715
3.3187365531921387
3.3276543617248535
3.412827491760254
3.6713716983795166
3.331810474395752
3.4507453441619873
3.387085437774658
3.353970766067505
3.342546224594116
4.241649627685547
4.276661396026611
4.130688667297363
4.357529640197754
4.152824878692627
4.199001312255859
4.254172325134277
4.390779972076416
4.0703582763671875
4.20986270904541
4.017132759094238
3.997377872467041
4.164759635925293
3.9035091400146484
4.207324981689453
4.012344837188721
3.9717414379119873
4.048956871032715
3.8618290424346924
4.054057598114014
4.045314311981201
3.9008851051330566
4.040709018707275
3.7118563652038574
3.9600372314453125
3.9176290035247803
3.8708839416503906
3.7747325897216797
3.8210439682006836
3.722536087036133
3.925086498260498
3.8768529891967773
3.7658746242523193
3.765389919281006
3.732832431793213
3.741860866546631
3.8702282905578613
3.757063150405884
3.714372158050537
3.8248722553253174
3.592620372772217
3.66087007522583
3.643869161605835
3.5836219787597656
3.562732458114624
3.614189624786377
3.5229263305664062
3.669222831726074
3.5339276790618896
3.630967378616333
3.6346688270568848
3.4765841960906982
3.615297794342041
3.5109238624572754
3.4614529609680176
3.735818386077881
3.555664539337158
3.53115177154541
3.545565605163574
3.4607605934143066
3.829228162765503
3.488615036010742
3.5887646675109863
3.4606242179870605
3.495391607284546
3.685272455215454
3.441981792449951
3.551454782485962
3.4912075996398926
3.4826419353485107
3.5787150859832764
3.3759419918060303
3.473710536956787
3.639796018600464
3.4754059314727783
3.571336507797241
3.685319662094116
0.0
9.375
18.75
15.625
12.53509521484375
