9.052617073059082
9.203422546386719
9.307694435119629
8.601142883300781
8.409589767456055
8.5754976272583
8.799471855163574
8.611600875854492
8.62539291381836
8.343928337097168
8.091375350952148
7.907853126525879
7.884964942932129
7.583120346069336
7.564078330993652
8.017684936523438
8.069772720336914
7.6067609786987305
7.79086446762085
8.028554916381836
7.9858245849609375
8.552212715148926
8.293128967285156
8.189156532287598
8.152393341064453
7.712622165679932
7.778744220733643
8.236015319824219
7.882807731628418
7.614931106567383
7.59780216217041
8.025981903076172
7.500495433807373
9.391439437866211
9.184610366821289
9.270100593566895
9.440842628479004
8.262310981750488
8.098169326782227
7.879949569702148
7.934719085693359
7.9792985916137695
7.866265773773193
8.012858390808105
8.467425346374512
9.015259742736816
8.732335090637207
8.43896484375
8.399187088012695
8.212475776672363
7.995817184448242
7.790957450866699
8.46286678314209
8.43331241607666
8.408309936523438
8.128625869750977
7.906395435333252
7.7624921798706055
7.897496223449707
7.533181667327881
7.373088836669922
7.107076644897461
7.079474449157715
7.153580665588379
7.144147872924805
6.914987087249756
6.831430435180664
6.737358570098877
6.630054950714111
6.787927150726318
6.6519246101379395
6.466154098510742
6.669676780700684
7.242312431335449
6.718960285186768
7.237208843231201
7.334289073944092
7.861192226409912
7.351874351501465
7.219470977783203
7.049272537231445
7.379654884338379
6.814762115478516
6.563133716583252
6.370487213134766
6.081137657165527
7.358531475067139
7.765807151794434
7.380430698394775
7.375204086303711
8.472443580627441
7.35402774810791
7.123845100402832
7.093142986297607
7.622932434082031
7.7625017166137695
7.451435565948486
7.18880558013916
7.157720565795898
7.297175884246826
7.210071086883545
7.5237603187561035
7.599026679992676
7.382749557495117
7.661928176879883
7.890896320343018
7.507709503173828
7.6162896156311035
7.4265522956848145
7.760340690612793
7.274205207824707
7.129278182983398
7.084010601043701
6.994536399841309
7.2401838302612305
7.263061046600342
7.079250335693359
6.75036096572876
8.719361305236816
8.501764297485352
8.297659873962402
7.381794452667236
7.877699851989746
7.753659248352051
7.216778755187988
7.240372180938721
7.312139511108398
7.336803436279297
7.096728801727295
7.078677177429199
7.158587455749512
7.151615142822266
7.54856538772583
7.091396331787109
7.240499019622803
7.046576499938965
7.207164764404297
6.566458702087402
6.603802680969238
7.007586479187012
6.795571327209473
6.405370235443115
6.38097620010376
6.285521984100342
6.325791358947754
6.201817035675049
6.341166973114014
6.463791847229004
6.327029228210449
6.255971431732178
6.228792190551758
6.2858381271362305
6.101984024047852
6.328397750854492
6.0808210372924805
6.029592514038086
5.630074501037598
5.487367630004883
5.596281051635742
5.570587158203125
5.038544654846191
5.053788185119629
4.833890914916992
4.881387233734131
5.033869743347168
4.823844909667969
4.90756893157959
4.980525016784668
4.931465148925781
5.014708518981934
5.138176918029785
4.90712833404541
5.141648292541504
5.145377159118652
5.041309833526611
4.867217540740967
5.226832389831543
5.096735000610352
4.966606140136719
6.078068733215332
5.6447649002075195
5.322993278503418
5.092578887939453
4.788025856018066
4.539392471313477
4.587209701538086
4.562892913818359
4.44191837310791
4.468736171722412
5.013015270233154
5.312464714050293
5.058509826660156
4.83887243270874
4.987439155578613
5.221781253814697
5.119947910308838
5.107513427734375
4.841106414794922
4.644641399383545
4.49959135055542
4.520804405212402
4.420312404632568
4.133292198181152
4.040569305419922
4.453864574432373
4.392529010772705
4.70366907119751
4.84678840637207
4.457897186279297
4.511422157287598
4.322816848754883
4.0764665603637695
4.2236480712890625
4.539831161499023
4.497345447540283
4.321706771850586
4.310922622680664
4.171955108642578
4.2690887451171875
4.0693254470825195
4.042536735534668
4.0172834396362305
4.00285005569458
4.29429817199707
4.130307674407959
4.034961700439453
4.200081825256348
4.133852958679199
4.234380722045898
4.487673282623291
4.270989418029785
4.294473648071289
4.132906436920166
4.292316436767578
4.129764556884766
4.333133697509766
4.198509216308594
4.350423336029053
4.327373504638672
4.596353054046631
4.486575126647949
4.411491394042969
4.47047758102417
4.795896530151367
4.857902526855469
5.182147026062012
4.814849853515625
4.81793212890625
4.592138767242432
6.212393283843994
5.536470413208008
