8.583958625793457
6.607132434844971
5.593317031860352
5.004117012023926
4.915545463562012
4.930990219116211
4.738994598388672
4.990433692932129
4.712667465209961
5.1327667236328125
5.350775241851807
4.931883811950684
5.018441200256348
4.8539228439331055
5.032769203186035
4.434657096862793
4.866086006164551
4.930505752563477
4.688136100769043
4.2316484451293945
4.636032581329346
4.7980427742004395
4.838978290557861
5.2655839920043945
4.409268379211426
4.532315254211426
4.636094570159912
5.298913955688477
5.144039154052734
4.603318691253662
5.367197036743164
4.850320816040039
5.547184944152832
5.718544960021973
4.819366931915283
4.580408573150635
4.429636478424072
4.842369556427002
4.975006103515625
4.659584045410156
4.823886871337891
4.9188337326049805
4.677521228790283
5.674736499786377
4.786465644836426
5.285214424133301
4.8933916091918945
5.349005699157715
5.431188583374023
4.920565605163574
5.699288368225098
4.900355339050293
5.47737979888916
5.215994834899902
5.1389570236206055
4.819849014282227
5.157568454742432
4.958876609802246
5.3088812828063965
6.2557597160339355
5.506915092468262
5.673622131347656
5.1163811683654785
6.347150802612305
5.170815944671631
4.997253894805908
5.427372932434082
5.01133918762207
5.144583702087402
4.568455696105957
5.685402870178223
5.48200798034668
5.67604398727417
5.296823501586914
5.251611709594727
5.448062419891357
5.309632301330566
5.021153926849365
5.32761287689209
5.751642227172852
5.540468215942383
5.108715057373047
5.792649745941162
4.806650161743164
5.557270050048828
6.352199554443359
5.615600109100342
4.788111209869385
5.154311656951904
5.123666763305664
6.038567543029785
5.258248329162598
5.29191780090332
5.921409606933594
5.962900161743164
5.476102352142334
5.283995628356934
5.488784313201904
5.1613006591796875
5.466925621032715
5.432039260864258
5.890076637268066
5.979858875274658
5.551469802856445
6.125460147857666
5.743952751159668
5.566861152648926
5.254127025604248
5.594873428344727
5.421370506286621
5.446144104003906
5.821741104125977
5.014464378356934
5.601483345031738
5.781590461730957
5.345534801483154
5.656091690063477
5.174997329711914
5.658544540405273
5.802292823791504
5.500266075134277
5.231631278991699
5.677087306976318
4.651578903198242
5.453311920166016
5.071719169616699
5.106269359588623
5.866971015930176
5.403050899505615
5.433924674987793
5.606864929199219
6.030173301696777
5.00244665145874
5.005385398864746
5.481413841247559
5.3127336502075195
4.770461559295654
5.1295928955078125
4.370612621307373
5.302289009094238
4.495525360107422
4.97611665725708
5.561919689178467
4.415466785430908
4.867146015167236
5.945127010345459
5.1445207595825195
5.948057174682617
5.532064914703369
5.237758159637451
5.177133560180664
5.19691276550293
4.055762767791748
5.119415760040283
5.030101299285889
4.679681777954102
4.6788010597229
5.807226657867432
4.450994491577148
3.8386290073394775
3.7412362098693848
4.390013694763184
4.783057689666748
4.545293807983398
4.799537658691406
4.3072967529296875
3.106381893157959
4.61469841003418
3.8523035049438477
4.710136890411377
4.940932273864746
4.1129560470581055
3.92812442779541
3.130013942718506
3.7532711029052734
4.24005126953125
2.8664166927337646
2.3481085300445557
3.0339431762695312
3.596648693084717
3.6887452602386475
3.492467164993286
5.4444804191589355
3.722411870956421
2.392441749572754
2.8287405967712402
3.729506492614746
2.1617488861083984
2.1624698638916016
2.317988634109497
3.1379146575927734
3.5476479530334473
2.4825758934020996
