21.54083251953125
21.0235595703125
21.242523193359375
20.82366943359375
21.1212158203125
21.30126953125
21.128082275390625
21.22344970703125
21.32720947265625
21.47674560546875
21.588897705078125
21.471405029296875
21.666717529296875
21.790313720703125
21.619415283203125
21.636962890625
21.59271240234375
21.332550048828125
21.477508544921875
21.3043212890625
21.294403076171875
21.376800537109375
21.353912353515625
19.355010986328125
19.568634033203125
19.574737548828125
19.348907470703125
19.266510009765625
19.924163818359375
20.09429931640625
20.21942138671875
19.532012939453125
20.351409912109375
20.45135498046875
20.345306396484375
20.1416015625
20.842742919921875
20.842742919921875
20.818328857421875
20.766448974609375
20.211029052734375
19.9371337890625
19.96307373046875
20.697021484375
20.455169677734375
20.421600341796875
20.3216552734375
20.30029296875
20.282745361328125
20.456695556640625
21.54083251953125
21.173095703125
21.1700439453125
20.763397216796875
20.81451416015625
20.9808349609375
21.258544921875
21.31805419921875
21.46148681640625
21.4752197265625
21.622467041015625
21.46759033203125
21.332550048828125
21.210479736328125
21.154022216796875
20.9381103515625
20.8587646484375
20.76416015625
20.81756591796875
20.99761962890625
20.960235595703125
20.98846435546875
21.1029052734375
19.567108154296875
18.825531005859375
18.8262939453125
21.54083251953125
21.118927001953125
20.8953857421875
20.89996337890625
