1.4056607484817505
1.3411270380020142
1.1236907243728638
0.9867143630981445
0.898280143737793
0.822438657283783
0.7266709208488464
0.7017706036567688
0.6736248731613159
0.6452494263648987
0.59202641248703
0.5805767774581909
0.545773983001709
0.5133383274078369
0.5376044511795044
0.4803096354007721
0.4577181041240692
0.5280407667160034
0.4568578004837036
0.43937599658966064
0.425250768661499
0.4139519929885864
0.3987358510494232
0.3811222314834595
0.36189669370651245
0.37070587277412415
0.451415479183197
0.35747671127319336
0.31929582357406616
0.2852880358695984
0.278955340385437
0.270771861076355
0.2665260136127472
0.2540608048439026
0.23498836159706116
0.2350200116634369
0.23241044580936432
0.21991313993930817
0.2105797380208969
0.20519360899925232
0.20381484925746918
0.20093725621700287
0.19624051451683044
0.18793748319149017
0.1836099922657013
0.1784353256225586
0.18960395455360413
0.17520496249198914
0.17213848233222961
0.16071735322475433
0.24201318621635437
0.21660053730010986
0.2051970660686493
0.22916734218597412
0.19690656661987305
0.1950681507587433
0.2176615297794342
0.21242669224739075
0.19197489321231842
0.1953805536031723
0.19478097558021545
0.19560828804969788
0.19083115458488464
2.155972480773926
2.493604898452759
2.3948240280151367
2.293611526489258
2.236173152923584
2.1684136390686035
2.1176934242248535
2.068122386932373
2.043126106262207
1.9479246139526367
1.9638218879699707
1.9013042449951172
1.8932805061340332
1.8802614212036133
1.8545503616333008
1.83616304397583
1.7656681537628174
1.740241289138794
1.705893874168396
1.7043983936309814
1.6702680587768555
1.6336909532546997
1.6069839000701904
1.5631577968597412
1.5808693170547485
1.9051024913787842
1.4358710050582886
1.3885819911956787
1.4056665897369385
1.376604676246643
1.3755090236663818
1.4083040952682495
1.387367844581604
1.3774678707122803
1.3140947818756104
1.3392865657806396
1.3290127515792847
1.3408262729644775
1.3624850511550903
1.3137636184692383
1.336618185043335
1.3075898885726929
1.2749981880187988
1.2836904525756836
1.2721459865570068
1.2652337551116943
1.3048505783081055
1.324159860610962
1.37453293800354
1.406899333000183
1.411438226699829
1.3407701253890991
1.2575759887695312
1.272888422012329
1.2945054769515991
1.2359297275543213
1.2237887382507324
1.2518739700317383
1.2424945831298828
1.2464333772659302
1.3331607580184937
1.3533103466033936
1.3484898805618286
1.4247767925262451
1.326406717300415
1.3633298873901367
1.3380621671676636
1.3856258392333984
1.4116230010986328
1.4407309293746948
1.345865249633789
1.3794786930084229
1.3307126760482788
1.3896267414093018
1.391624927520752
1.4967477321624756
1.6794382333755493
1.7405613660812378
1.77815842628479
1.877188801765442
1.867364525794983
1.9228851795196533
1.9070827960968018
2.046844005584717
1.8311614990234375
1.835019588470459
1.9202075004577637
1.8667171001434326
1.9754002094268799
1.9376741647720337
1.883178472518921
1.9764928817749023
1.8325395584106445
1.9922056198120117
1.8757025003433228
1.8833591938018799
1.9324061870574951
1.8389352560043335
1.7298085689544678
1.834782361984253
1.8040440082550049
1.3996943235397339
1.4263838529586792
1.379760503768921
1.2984657287597656
1.3366949558258057
1.396552562713623
1.3618028163909912
1.3332568407058716
1.457357406616211
1.4514527320861816
1.4348211288452148
1.3771276473999023
1.4290388822555542
1.3662105798721313
1.3310933113098145
1.2220289707183838
1.2756025791168213
1.2926244735717773
1.2755247354507446
1.3108482360839844
1.4751425981521606
1.4196138381958008
1.4757630825042725
1.5289998054504395
1.7513926029205322
1.6710383892059326
1.6316807270050049
1.573176622390747
1.4194486141204834
1.5875043869018555
1.578185796737671
1.794641137123108
1.4934874773025513
1.7412562370300293
1.4909086227416992
1.4933438301086426
1.4342104196548462
1.655165195465088
1.4061081409454346
1.2927513122558594
1.293221354484558
1.3642854690551758
1.3652275800704956
1.3799257278442383
1.4656391143798828
1.374755620956421
1.4371330738067627
1.3369535207748413
1.3465516567230225
1.3302512168884277
1.4581639766693115
1.319993019104004
1.2862529754638672
1.2884771823883057
1.353929042816162
1.3694005012512207
1.3098360300064087
1.3663859367370605
1.297882318496704
1.290235996246338
1.3113749027252197
1.4142956733703613
1.3154547214508057
1.3468496799468994
1.2976330518722534
1.4428874254226685
1.339618444442749
1.281773567199707
1.3261945247650146
1.3509242534637451
1.326815128326416
1.3059256076812744
1.232555866241455
1.3175272941589355
1.779320240020752
1.475725531578064
1.587231159210205
1.4886136054992676
1.4788258075714111
1.4383776187896729
1.373887300491333
1.4319915771484375
1.3961092233657837
1.3048290014266968
1.4221594333648682
1.3524898290634155
1.3189938068389893
1.3427687883377075
1.4219177961349487
1.5225846767425537
1.633575439453125
1.5335502624511719
1.5402393341064453
1.5300583839416504
1.5717058181762695
1.4889822006225586
1.501665472984314
1.398580551147461
1.6002181768417358
1.617553949356079
1.3680729866027832
1.4251350164413452
1.4501439332962036
1.378075122833252
1.383523941040039
1.4417932033538818
1.3344473838806152
1.2681233882904053
1.252129316329956
1.24456787109375
1.2209243774414062
1.1531610488891602
1.122887372970581
1.0939226150512695
1.0765775442123413
1.082169771194458
1.0604336261749268
1.1073880195617676
1.140963077545166
1.136515736579895
1.134511947631836
1.0038447380065918
1.098588466644287
1.0145070552825928
1.1112583875656128
1.196596384048462
1.2358779907226562
1.25457763671875
1.2263120412826538
1.2819617986679077
1.2577083110809326
1.2519943714141846
1.2444531917572021
1.1987781524658203
1.1508808135986328
1.1758081912994385
1.2411551475524902
1.26028311252594
1.2656502723693848
1.210598349571228
1.2051211595535278
1.2108484506607056
1.1775546073913574
1.2270231246948242
1.2010695934295654
1.261904001235962
1.142176628112793
1.1212420463562012
1.1981914043426514
1.1554546356201172
1.1325020790100098
1.0223772525787354
1.0119483470916748
1.0083014965057373
1.0292835235595703
1.009519338607788
1.0515636205673218
1.0528886318206787
1.0852622985839844
0.9893269538879395
1.0748229026794434
1.0044834613800049
0.9490562081336975
0.9750344157218933
0.9446187615394592
0.9676593542098999
0.9447070956230164
0.8860658407211304
0.860124945640564
0.9206551313400269
0.9349982738494873
0.8949745297431946
0.840377688407898
0.8684769868850708
1.107932448387146
2.0165796279907227
1.8697021007537842
1.937032699584961
1.8448481559753418
1.900205373764038
1.8594924211502075
1.8750451803207397
2.0218749046325684
1.99251127243042
1.9186770915985107
1.8128020763397217
1.853748083114624
1.8776004314422607
1.816577672958374
1.8362233638763428
1.7335436344146729
1.7572537660598755
1.773097038269043
1.8127003908157349
1.7098292112350464
1.7118513584136963
1.6145868301391602
1.6761608123779297
1.6583307981491089
1.7381312847137451
1.9145724773406982
1.9038279056549072
1.7935572862625122
1.661729335784912
1.8041489124298096
1.6895389556884766
1.6671741008758545
1.6349003314971924
1.536826252937317
1.5616073608398438
1.5206738710403442
1.5933493375778198
1.5848240852355957
1.5897711515426636
1.5284675359725952
1.4574131965637207
1.4755222797393799
1.5258708000183105
1.61726975440979
1.5248472690582275
1.5710334777832031
1.5015568733215332
1.5678327083587646
1.59620201587677
1.5673129558563232
1.3910725116729736
1.60258150100708
1.4187424182891846
1.4392073154449463
1.43428635597229
1.5364181995391846
1.6801283359527588
1.5312644243240356
1.5574367046356201
1.5433777570724487
1.5355327129364014
1.6202716827392578
1.598465085029602
1.5093913078308105
1.5502640008926392
1.577235221862793
1.7692641019821167
1.6157853603363037
1.6829657554626465
1.6551203727722168
1.685396671295166
1.607289433479309
1.5395175218582153
1.5645229816436768
1.688238501548767
1.721853494644165
1.585777997970581
1.593827486038208
1.6690466403961182
1.5660861730575562
1.6244075298309326
1.597996711730957
1.6449863910675049
1.6231701374053955
1.6338117122650146
1.5664682388305664
1.5666818618774414
1.5868176221847534
1.6175992488861084
1.8028966188430786
1.5984257459640503
1.6028504371643066
1.5987229347229004
1.5981645584106445
1.5679802894592285
1.5192677974700928
1.4973456859588623
1.5384483337402344
1.5510337352752686
1.8113001585006714
1.5263664722442627
1.768570065498352
1.583601474761963
1.5831325054168701
1.5150911808013916
1.475914716720581
1.4574763774871826
1.6701699495315552
1.5408555269241333
1.4363296031951904
1.3874974250793457
1.4466404914855957
1.4115233421325684
1.4171576499938965
1.4539130926132202
1.4343855381011963
1.6970007419586182
1.441857933998108
1.461308479309082
1.4907259941101074
1.4635052680969238
1.473893642425537
1.4779592752456665
1.5552020072937012
1.454789400100708
1.5276650190353394
1.4944483041763306
1.3473927974700928
1.367133378982544
1.3661483526229858
1.330632209777832
1.3194825649261475
1.3471027612686157
1.178107738494873
1.2031402587890625
1.2097430229187012
1.2042272090911865
1.4228713512420654
1.3748481273651123
1.3070440292358398
1.152495265007019
1.3439221382141113
1.526131510734558
1.5166449546813965
1.28810453414917
1.2200638055801392
1.2468712329864502
1.4142836332321167
1.1509507894515991
9.919890403747559
10.638202667236328
9.852968215942383
9.081965446472168
8.084660530090332
8.350789070129395
8.286916732788086
7.122797966003418
7.111135005950928
6.731582164764404
5.845758438110352
5.671863555908203
5.491762638092041
5.398332595825195
4.801388740539551
5.0154709815979
4.772404193878174
4.553670883178711
4.670331954956055
4.631608963012695
4.44907808303833
4.302809715270996
4.238930702209473
4.079636573791504
4.085824966430664
4.230832099914551
1.6804636716842651
1.771355390548706
1.650728464126587
1.5632517337799072
1.5022575855255127
1.465019941329956
1.4870768785476685
1.5050464868545532
1.5965805053710938
1.8007835149765015
1.5376503467559814
1.3691964149475098
1.3365609645843506
1.3426620960235596
1.186293363571167
1.1293030977249146
1.1068638563156128
1.0776033401489258
1.078261375427246
1.0652577877044678
1.1731090545654297
1.0406216382980347
1.128650426864624
1.0853641033172607
1.4911489486694336
1.3903394937515259
1.3199055194854736
1.4237678050994873
1.3574637174606323
1.2903978824615479
1.246715784072876
1.253166675567627
1.1724741458892822
1.2713128328323364
1.140538215637207
1.0864601135253906
1.0788547992706299
0.9864487648010254
1.0016460418701172
1.04766845703125
1.055139422416687
0.9880505800247192
1.056998372077942
0.9877772331237793
0.8939321041107178
0.9458141326904297
0.8862578868865967
0.8472046256065369
0.9731438159942627
0.8468532562255859
1.4487113952636719
1.2800214290618896
1.2281494140625
1.1009764671325684
1.0792529582977295
1.2206602096557617
1.270439624786377
1.1206870079040527
1.128171682357788
1.1136369705200195
1.1612286567687988
1.0479645729064941
1.11135995388031
1.0540307760238647
0.9797438979148865
1.0363624095916748
1.1832046508789062
1.0802948474884033
0.9898952841758728
1.081900715827942
1.0221816301345825
0.9191316366195679
0.9803282022476196
0.9342465400695801
1.165549874305725
1.1070895195007324
1.2041066884994507
1.1790697574615479
1.2840847969055176
1.224130630493164
1.1649301052093506
1.18831467628479
1.1448818445205688
1.107158899307251
1.1044381856918335
1.1437498331069946
1.1652216911315918
1.137169599533081
1.0809495449066162
1.1058106422424316
1.2737051248550415
1.099750280380249
1.0963441133499146
1.0746593475341797
1.0690938234329224
1.0803900957107544
1.106806993484497
0.9653804302215576
1.0474315881729126
0.9952735304832458
1.0015323162078857
0.985331654548645
0.9436103701591492
0.9328666925430298
0.8910852670669556
0.8920115232467651
0.9092347621917725
1.012891173362732
0.9642487168312073
0.9413388967514038
0.9083986878395081
0.9492392539978027
0.9233329892158508
0.9226160645484924
0.887291669845581
