39.473724365234375
39.537811279296875
39.635467529296875
39.876556396484375
39.727783203125
39.559173583984375
39.604949951171875
39.935302734375
36.37542724609375
36.505126953125
36.42730712890625
36.107635498046875
34.804534912109375
34.847259521484375
34.499359130859375
35.546112060546875
36.64398193359375
39.621734619140625
39.3829345703125
39.43328857421875
39.337158203125
39.57977294921875
37.0025634765625
35.75286865234375
35.9222412109375
35.910797119140625
36.2030029296875
36.110687255859375
36.163330078125
36.1846923828125
39.473724365234375
39.589691162109375
39.39971923828125
38.79547119140625
38.19122314453125
38.225555419921875
39.170074462890625
39.09454345703125
39.12811279296875
39.125823974609375
39.276123046875
37.7838134765625
38.414764404296875
38.1500244140625
38.140869140625
38.243865966796875
37.1368408203125
37.45269775390625
37.25128173828125
38.405609130859375
38.263702392578125
38.922882080078125
36.515045166015625
35.260772705078125
35.404205322265625
35.2935791015625
35.605621337890625
35.345458984375
36.58294677734375
36.643218994140625
36.742401123046875
35.578155517578125
36.58447265625
36.803436279296875
36.620330810546875
39.473724365234375
12.230544090270996
9.670267105102539
8.731643676757812
7.345888137817383
7.119462013244629
6.414210319519043
6.483871936798096
6.231418132781982
6.617959499359131
7.298879623413086
7.202766418457031
