1.4019585847854614
0.9609595537185669
0.9058523178100586
0.7735496759414673
0.6759870648384094
0.6102864742279053
0.5643351674079895
0.5202622413635254
0.4868331551551819
0.4603463411331177
0.44166749715805054
0.41258275508880615
0.38868415355682373
0.35751014947891235
0.3574504554271698
0.3397723436355591
0.31995800137519836
0.30397921800613403
0.31372570991516113
0.27441027760505676
0.24612784385681152
0.2647891640663147
0.2536119818687439
0.24368931353092194
0.23792049288749695
0.41305798292160034
0.533443808555603
0.4868467152118683
0.45885056257247925
0.4545510709285736
0.42728739976882935
0.40826183557510376
0.40300172567367554
0.37073883414268494
0.38300424814224243
0.383053719997406
0.34230542182922363
0.34340962767601013
0.3673343062400818
0.336894154548645
0.3173273801803589
0.32391244173049927
0.33761924505233765
0.32197821140289307
0.28569576144218445
0.29289764165878296
0.27808594703674316
0.2656027674674988
0.2486567497253418
0.23434770107269287
0.32374122738838196
0.28484058380126953
0.302523136138916
0.28829988837242126
0.26923587918281555
0.2755461633205414
0.25564634799957275
0.2481352984905243
0.2414771169424057
0.2363303154706955
0.2334657609462738
0.2218957394361496
0.21988579630851746
