8.624343872070312
6.732326507568359
6.0127105712890625
5.547726154327393
4.9872846603393555
5.189443111419678
5.866853713989258
5.501953601837158
5.205056190490723
5.221523284912109
4.689493179321289
5.043614387512207
4.8569440841674805
5.46982479095459
4.628812313079834
5.154750823974609
4.965253829956055
4.851341724395752
4.8933258056640625
5.108983993530273
4.840819835662842
4.594009876251221
4.850996971130371
4.561944007873535
5.3180036544799805
4.281489372253418
5.425266265869141
4.820464611053467
4.860990047454834
5.0434370040893555
4.845241069793701
5.179763317108154
5.604184627532959
4.901240348815918
5.481541633605957
5.84841775894165
5.936200141906738
5.553071975708008
5.381856441497803
5.403411865234375
4.775954723358154
5.252164363861084
5.019364833831787
5.387658596038818
5.341163635253906
6.120978355407715
4.821022987365723
5.674540042877197
5.051390171051025
5.0841898918151855
5.125034332275391
4.78941011428833
5.426774024963379
6.035922527313232
5.493013858795166
8.656340599060059
8.614641189575195
6.669815540313721
5.811581134796143
6.00181245803833
5.6435112953186035
5.1395368576049805
5.166325569152832
4.938629150390625
5.224551200866699
5.4041290283203125
5.052988052368164
4.90926456451416
4.959356784820557
4.920327663421631
4.693025588989258
4.931380271911621
4.680233001708984
4.970044136047363
5.12606143951416
5.102599143981934
4.723720550537109
4.031707763671875
4.4717912673950195
5.268754005432129
4.516455173492432
4.974727630615234
5.186677932739258
4.7600789070129395
5.664216041564941
4.4737548828125
4.331906318664551
4.460912704467773
4.681399822235107
4.850282669067383
4.873372554779053
5.18782901763916
5.045853137969971
5.0310516357421875
4.558563709259033
4.8748860359191895
4.2667741775512695
4.641180992126465
5.037686824798584
5.102046012878418
4.884538650512695
3.924267292022705
5.220945358276367
4.1474609375
4.955801963806152
4.925317764282227
4.954656600952148
5.15333366394043
5.2620649337768555
4.705009460449219
5.4256463050842285
5.134450912475586
5.616439342498779
5.555812835693359
5.036106586456299
5.264937400817871
5.3197526931762695
5.249485969543457
5.107051849365234
5.210444450378418
4.438964366912842
4.861327648162842
4.648358345031738
5.276961326599121
4.785499095916748
5.091591835021973
4.781506061553955
4.996636390686035
4.6783061027526855
5.398379325866699
5.493293762207031
5.218540191650391
5.789623737335205
5.069705009460449
4.572887420654297
5.053475379943848
5.981353759765625
4.522858619689941
4.752394199371338
4.952463150024414
4.780233383178711
4.646339416503906
4.842350006103516
4.221385478973389
4.739297389984131
5.500625133514404
6.245242118835449
4.662254810333252
5.944649696350098
5.717856407165527
4.0664286613464355
5.200965404510498
5.789455890655518
5.351531028747559
4.878432750701904
5.310711860656738
5.253578186035156
5.184647560119629
5.506012439727783
5.392378807067871
5.0483503341674805
5.138182640075684
4.87379264831543
5.028716087341309
5.857888221740723
5.633110046386719
5.526638031005859
5.2559027671813965
5.562280654907227
5.671306610107422
4.696435928344727
4.852492332458496
5.555520057678223
5.368220329284668
5.322509765625
5.353866100311279
5.77719783782959
5.626753807067871
4.848268508911133
5.055733680725098
4.619964122772217
4.341358184814453
