8.591676712036133
6.470259666442871
5.568022727966309
5.144161701202393
5.211854457855225
4.534002780914307
4.962191581726074
3.969088315963745
4.439496040344238
4.293133735656738
4.956779479980469
4.9240522384643555
4.599191188812256
4.870169162750244
4.793689727783203
4.497146129608154
4.8150634765625
4.353597640991211
4.616792678833008
5.047502517700195
4.717327117919922
4.322750091552734
4.697646617889404
4.348670959472656
4.5916924476623535
4.605047225952148
4.300634860992432
4.892145156860352
4.6574506759643555
5.248710632324219
4.742432594299316
5.233767509460449
5.095026969909668
5.2467451095581055
4.6429595947265625
4.709228515625
4.977199554443359
4.368661880493164
5.033013820648193
5.219771385192871
4.4519453048706055
4.650541305541992
5.015838623046875
4.6766743659973145
4.524738788604736
4.683535575866699
4.915349006652832
4.444284439086914
3.7831859588623047
4.330915451049805
4.662563800811768
4.008761405944824
4.615489959716797
5.577632427215576
4.582632064819336
4.407472133636475
4.9943928718566895
4.205055236816406
4.914217948913574
5.045775413513184
4.389814853668213
4.585061073303223
4.5966057777404785
4.474093437194824
4.386341094970703
4.864480972290039
5.008548736572266
4.645151138305664
4.5563764572143555
5.031749725341797
4.825668811798096
5.029644012451172
5.11965274810791
4.338350296020508
5.064583778381348
4.589812278747559
5.294585227966309
5.900056838989258
5.103203296661377
5.297646522521973
5.778242111206055
4.801311492919922
4.342161178588867
5.16646671295166
5.03024959564209
4.695439338684082
5.472393989562988
4.768771648406982
4.633146286010742
4.564884662628174
4.706535816192627
5.371603965759277
5.601228713989258
5.411732196807861
5.921624183654785
5.491395950317383
5.3207855224609375
5.482604026794434
5.56888484954834
5.668539047241211
4.988701820373535
6.064944267272949
4.74266242980957
6.057753562927246
5.750912666320801
5.253112316131592
5.163141250610352
5.857105255126953
5.730452060699463
5.712363243103027
5.186217308044434
6.49954891204834
5.468585968017578
5.955357551574707
5.74176549911499
6.115415573120117
5.729340076446533
4.709153652191162
5.456094741821289
5.528911590576172
5.613884925842285
6.009891510009766
6.404002666473389
5.4222259521484375
5.528314113616943
6.32222843170166
6.632354259490967
5.900002479553223
5.79511022567749
6.2245893478393555
5.844332695007324
4.949328422546387
5.8980302810668945
6.219178199768066
5.791576385498047
5.594203948974609
6.597593784332275
5.919318199157715
5.613356590270996
5.836071968078613
6.112239837646484
5.602673053741455
6.068722248077393
5.538422584533691
5.463534832000732
5.926601409912109
5.481420993804932
5.414301872253418
6.257313251495361
5.759788513183594
5.69699764251709
6.291089057922363
6.356436252593994
6.198227405548096
6.049167156219482
6.2456183433532715
5.953469276428223
5.042627811431885
5.23577880859375
5.509701728820801
5.54278564453125
6.39676570892334
6.130733489990234
5.659664630889893
4.948897838592529
5.196885108947754
5.887134552001953
5.442519187927246
5.027027130126953
5.542105197906494
5.1478071212768555
5.198105812072754
6.295579433441162
5.251219749450684
4.3025031089782715
4.774995803833008
5.115612030029297
4.839533805847168
4.439589023590088
4.3653178215026855
4.275986194610596
3.057835102081299
5.105166912078857
3.8263156414031982
5.865833759307861
4.077408790588379
4.526779651641846
4.730090141296387
5.095346927642822
3.8765738010406494
4.751650333404541
4.3707733154296875
4.614898681640625
3.818129777908325
3.5169472694396973
2.8166191577911377
4.956833839416504
4.823433876037598
4.964295387268066
3.9098734855651855
3.8219287395477295
4.62147331237793
3.778550624847412
4.561471462249756
4.619577884674072
4.732025146484375
3.6864328384399414
3.624307870864868
4.592811584472656
5.190441608428955
4.139641761779785
2.969728469848633
2.1316092014312744
4.912151336669922
6.171916961669922
5.9036054611206055
6.533821105957031
5.721006393432617
5.5583600997924805
5.837700843811035
5.992312908172607
4.305888652801514
4.303827285766602
4.871275901794434
4.898122787475586
4.804059982299805
4.214028358459473
5.029126167297363
4.608738899230957
4.62673282623291
5.363309383392334
5.454572677612305
3.8855836391448975
4.012546539306641
5.156947135925293
3.8095703125
4.211675643920898
4.74062967300415
4.628906726837158
3.866396903991699
5.343173503875732
5.644998073577881
4.0936079025268555
3.149432897567749
3.0572075843811035
3.229322671890259
3.6867477893829346
3.0582847595214844
3.077528476715088
2.7538321018218994
4.305154800415039
3.3384742736816406
3.3164968490600586
2.6042470932006836
3.4500551223754883
3.335613489151001
2.4523844718933105
3.5665030479431152
2.817594051361084
2.811370849609375
3.2866196632385254
3.8288216590881348
2.4569406509399414
