9.115005493164062
6.885501861572266
5.882383346557617
5.642604351043701
5.085536956787109
5.9224138259887695
5.424769401550293
5.134407997131348
5.372410774230957
5.4457173347473145
4.9753313064575195
4.82266902923584
5.112749099731445
4.819798469543457
4.891815185546875
5.1865973472595215
5.189155578613281
5.101823806762695
4.766829013824463
5.040850639343262
4.933675765991211
4.8569512367248535
4.851588726043701
5.110760688781738
5.211698055267334
4.235368728637695
4.670642852783203
3.8976194858551025
5.5721964836120605
3.940770149230957
8.962366104125977
6.733678817749023
5.585697174072266
5.351300239562988
4.888253688812256
5.453392505645752
5.142159461975098
5.0578436851501465
4.988973617553711
4.416718006134033
4.230966567993164
4.466092109680176
9.109161376953125
6.852109909057617
5.848824501037598
5.791632652282715
4.967373847961426
5.492811679840088
5.412746429443359
5.176304340362549
5.787124156951904
5.643821716308594
5.49761962890625
5.058612823486328
4.698018550872803
5.0830512046813965
4.9593119621276855
5.0368828773498535
5.173012733459473
5.2073588371276855
4.78110933303833
4.810409069061279
5.248490810394287
4.662092208862305
5.233255386352539
4.865079879760742
4.908821105957031
4.8079657554626465
4.51201057434082
4.794638156890869
4.953606605529785
4.811601638793945
4.149360656738281
4.661439418792725
4.666706085205078
4.949244499206543
5.237389087677002
4.968718528747559
4.50100040435791
4.592565536499023
3.9114789962768555
4.548959255218506
4.690123081207275
3.859340190887451
4.277164459228516
3.6049962043762207
5.239611625671387
3.807913064956665
4.595509052276611
4.576104164123535
3.9086191654205322
4.265856742858887
4.2219061851501465
6.024228096008301
4.759660243988037
4.909604072570801
4.260869979858398
4.284799575805664
4.505827903747559
4.694435119628906
4.553851127624512
5.641294479370117
4.390726089477539
5.065778732299805
3.946260929107666
4.621897220611572
4.9067301750183105
4.911548137664795
4.544904708862305
4.589968681335449
4.339988708496094
5.034523010253906
4.330729007720947
5.774187088012695
4.602457046508789
4.64134407043457
5.970240116119385
5.4603776931762695
5.2003021240234375
5.209906578063965
4.817991256713867
5.008769989013672
4.431072235107422
5.479548454284668
4.093523979187012
6.106085777282715
4.82656717300415
4.286588668823242
4.512383460998535
5.31071662902832
4.944280624389648
4.598447322845459
3.8822057247161865
5.5621442794799805
4.967162132263184
5.301918029785156
4.995053768157959
5.319360733032227
4.790068626403809
4.59428071975708
4.652115821838379
5.428438186645508
5.534693717956543
4.536572456359863
5.455511569976807
4.798637866973877
5.6411237716674805
5.828050136566162
4.498942852020264
5.061151027679443
5.169262886047363
4.2841973304748535
4.871767997741699
6.253059387207031
4.980493545532227
5.237573623657227
5.293578147888184
4.323037147521973
5.108984470367432
4.557000160217285
4.188357353210449
6.00120735168457
4.733460426330566
4.7396955490112305
5.672933578491211
5.329792022705078
5.139285564422607
5.338956356048584
4.988713264465332
4.617779731750488
4.500283241271973
5.089973449707031
3.7786147594451904
3.959322690963745
4.252869129180908
4.6147541999816895
4.716689109802246
5.31437873840332
4.262985706329346
4.784692287445068
4.196331024169922
5.328370094299316
4.176255702972412
4.199645519256592
3.328151226043701
5.359209060668945
5.096317291259766
3.787870168685913
5.167235374450684
3.973468780517578
4.150742053985596
4.756319522857666
5.004376411437988
4.368249893188477
4.146299839019775
3.3902201652526855
5.7078752517700195
4.659614562988281
3.5708699226379395
3.965796947479248
4.759174346923828
3.998671293258667
4.251297473907471
2.1445207595825195
4.424137592315674
4.618748664855957
3.6544928550720215
3.5456748008728027
4.372685432434082
3.2244784832000732
3.4471120834350586
3.8727340698242188
2.972598075866699
4.169947147369385
2.5935685634613037
2.9199576377868652
4.704710483551025
3.7094075679779053
3.1718201637268066
2.6326851844787598
3.583296298980713
2.3161768913269043
3.584902763366699
3.0632123947143555
2.782405138015747
2.9444661140441895
3.4475278854370117
2.9380764961242676
3.495532989501953
3.564626932144165
2.0829710960388184
3.8189949989318848
2.306281089782715
9.127687454223633
6.751214504241943
5.650650501251221
5.848416805267334
5.404816627502441
5.9621124267578125
5.804873466491699
5.079103946685791
5.782596588134766
5.597775459289551
5.183032512664795
5.219264984130859
5.349112510681152
5.5924482345581055
5.267102241516113
5.246662616729736
5.553815841674805
5.229753494262695
4.566784381866455
5.001455783843994
5.028237342834473
5.025196552276611
5.079358100891113
5.068918228149414
4.610630035400391
4.673634052276611
5.334618091583252
4.2871904373168945
4.800132751464844
4.955578327178955
4.806238174438477
5.059701919555664
4.966396331787109
4.532047271728516
5.187829971313477
5.086611270904541
4.71395206451416
4.557275772094727
5.195028781890869
4.89359188079834
5.079744338989258
4.890283107757568
5.475679397583008
5.258148670196533
5.3379669189453125
5.447176933288574
5.152898788452148
4.0934271812438965
4.956127166748047
5.2550153732299805
5.091208457946777
5.266280174255371
4.91458797454834
4.75172233581543
5.089813232421875
4.944442272186279
4.508627891540527
4.446542263031006
5.007585048675537
4.702278137207031
3.94496750831604
3.9937820434570312
4.0643768310546875
4.910068035125732
4.563153266906738
5.4081549644470215
4.415412425994873
4.432004451751709
4.296329498291016
4.616427898406982
4.6121320724487305
4.102079391479492
4.333455562591553
4.029087066650391
4.45557975769043
4.38350772857666
4.251094818115234
4.23172664642334
4.546104431152344
3.766258955001831
4.362955093383789
4.889641761779785
3.9386487007141113
4.977010250091553
3.668539524078369
4.70351505279541
4.812512397766113
4.51611328125
5.558334827423096
4.817322731018066
4.445350646972656
5.302312850952148
4.761446952819824
4.5181097984313965
4.560939788818359
4.085801124572754
5.036951541900635
5.7621564865112305
4.841862678527832
4.083683967590332
5.163610458374023
4.632163047790527
5.329738616943359
5.0695343017578125
3.931840181350708
4.395688056945801
3.6150920391082764
4.896873474121094
4.705785751342773
4.726921081542969
4.422676086425781
4.440792083740234
4.481802940368652
5.541581153869629
4.985530376434326
2.5573971271514893
3.8830337524414062
4.419393539428711
5.454219341278076
4.72604513168335
4.386431694030762
4.876214027404785
5.436756134033203
4.501849174499512
4.3094482421875
4.829251289367676
4.424626350402832
4.5526580810546875
4.527651786804199
3.686818838119507
4.8077521324157715
4.269292831420898
3.908411741256714
3.7777047157287598
4.662846565246582
3.811368942260742
4.51678466796875
4.375238418579102
3.594827175140381
3.3683595657348633
3.6517834663391113
4.2935638427734375
3.198970317840576
2.3798179626464844
3.2772998809814453
4.696169853210449
2.913193702697754
3.8935604095458984
3.409702777862549
3.686948776245117
3.598349094390869
3.0216970443725586
3.1454386711120605
3.7864232063293457
3.072197437286377
3.045680522918701
2.3422253131866455
2.8781344890594482
2.7838921546936035
2.476717472076416
3.2386817932128906
2.6474571228027344
2.5254931449890137
2.246216297149658
2.586000919342041
2.5956711769104004
5.310295581817627
5.563169479370117
6.212759017944336
5.694683074951172
3.3689627647399902
2.8114874362945557
3.8488426208496094
3.0142838954925537
3.454651355743408
4.300808906555176
3.8809423446655273
3.509273052215576
3.816396713256836
3.6581268310546875
2.8909311294555664
3.6815185546875
2.6871418952941895
3.6122593879699707
2.946394920349121
2.8935208320617676
3.338113784790039
3.8461222648620605
2.8108060359954834
3.365129232406616
3.685560703277588
2.271224021911621
3.515744686126709
3.99426531791687
4.28914737701416
2.06126070022583
5.309887409210205
5.523908615112305
5.21837043762207
3.7712769508361816
4.146126747131348
3.5394153594970703
4.919142246246338
3.8768668174743652
1.9557650089263916
5.355435371398926
5.785455703735352
5.155977249145508
4.68597936630249
2.186288595199585
2.8921658992767334
2.4511914253234863
1.733633041381836
