8.175989151000977
8.163646697998047
8.252262115478516
8.61807918548584
8.608869552612305
6.595676422119141
5.861883163452148
5.337408542633057
4.684812545776367
5.028105735778809
5.090572357177734
5.091179847717285
4.938140392303467
4.675642013549805
4.605027675628662
5.158110618591309
4.778839588165283
4.489343643188477
4.682021141052246
4.5315327644348145
4.937573432922363
4.881467342376709
4.639001369476318
4.455793380737305
5.160157680511475
4.849169731140137
5.671289443969727
5.296014785766602
4.484330177307129
4.629380702972412
4.903139591217041
5.268836975097656
4.647426605224609
5.648589611053467
4.9078521728515625
4.888733863830566
4.563807964324951
4.911511421203613
4.857832908630371
4.806751251220703
5.160147190093994
5.486894607543945
5.224706649780273
5.0265793800354
6.29685640335083
4.79309606552124
5.589417934417725
4.627363681793213
4.7717742919921875
5.753331184387207
5.1416168212890625
4.773568630218506
5.557655334472656
4.671237945556641
4.955899715423584
5.01450252532959
5.026945114135742
5.419902324676514
5.401499271392822
5.174704551696777
5.630949020385742
5.716032981872559
5.473639965057373
5.655170917510986
5.466831684112549
4.739625930786133
5.475555419921875
5.067697525024414
3.8593363761901855
5.317259311676025
4.888447284698486
4.713009834289551
5.315944671630859
4.749604225158691
5.399208068847656
5.824626922607422
5.282438278198242
5.811437606811523
4.720319747924805
4.678720951080322
4.471627235412598
5.230097770690918
