8.610925674438477
6.607934951782227
5.554574012756348
5.715761184692383
5.025919437408447
5.206910133361816
5.4944562911987305
4.893363952636719
4.671090126037598
4.757655620574951
4.404167175292969
4.728575706481934
4.6207380294799805
4.6955766677856445
4.626925468444824
4.8867292404174805
5.049712181091309
4.469289302825928
5.062912940979004
4.799678325653076
4.532674312591553
4.539156436920166
4.10005521774292
4.747594833374023
4.631319999694824
4.918502330780029
5.16201114654541
5.757948398590088
5.037015914916992
5.486961364746094
5.693314552307129
4.177104473114014
5.621511459350586
4.943185806274414
5.565766334533691
5.187990665435791
5.053898334503174
5.296259880065918
5.028165340423584
5.6702070236206055
5.093639373779297
5.143440246582031
5.473000526428223
5.081210136413574
5.863422870635986
5.518077373504639
5.261523723602295
5.370891571044922
5.051098346710205
6.254569053649902
5.468451499938965
5.356234550476074
5.3451008796691895
4.928614139556885
5.30819034576416
4.976329803466797
4.922309875488281
4.9445343017578125
5.657639503479004
6.3005781173706055
4.847649574279785
5.756145477294922
5.277090549468994
6.154085159301758
5.587063789367676
5.550658702850342
5.8545026779174805
5.6083598136901855
5.887581825256348
5.961456298828125
5.6135077476501465
5.75388765335083
5.845672607421875
5.696656227111816
4.91533899307251
4.5049943923950195
5.3271074295043945
4.835811614990234
6.295220851898193
5.449675559997559
5.4127349853515625
6.150368690490723
5.824122905731201
6.274271011352539
5.220954418182373
5.633342266082764
5.209301948547363
5.504699230194092
5.6971869468688965
5.360565185546875
5.379968643188477
5.068253517150879
6.467577934265137
5.428426742553711
5.841332912445068
4.8140764236450195
5.261665344238281
5.276886940002441
5.545869827270508
5.723940849304199
5.532121658325195
5.90992546081543
5.202993869781494
4.9373321533203125
5.596653938293457
5.7638750076293945
5.403783798217773
5.497150421142578
5.91827917098999
5.569939613342285
5.905422210693359
4.619071960449219
5.221985816955566
5.428011894226074
5.494388103485107
5.371831893920898
5.8105149269104
5.2580366134643555
6.365494728088379
5.796341896057129
5.973525524139404
5.025952339172363
5.312331199645996
4.854636192321777
5.097034931182861
5.307301044464111
5.182537078857422
5.497871398925781
5.986568927764893
4.832376956939697
5.233576774597168
4.549346923828125
5.632275581359863
4.606621742248535
5.5732927322387695
4.329466342926025
4.617488861083984
4.421535491943359
4.541504859924316
4.47274112701416
5.024674415588379
