1.5707987546920776
1.2436225414276123
1.0339103937149048
0.9147835373878479
0.7796928882598877
0.7263440489768982
0.6611359119415283
0.5824060440063477
0.5502228736877441
0.5162593126296997
0.4605955481529236
0.423919141292572
0.38402706384658813
0.3639448285102844
0.3707505464553833
0.36663198471069336
0.34621286392211914
0.3169586658477783
0.2871011793613434
0.255886435508728
0.2765742838382721
0.2332826852798462
0.22470210492610931
0.2091992199420929
0.20661863684654236
0.40214693546295166
0.4282572865486145
0.3462596535682678
0.33576732873916626
0.2937631607055664
0.2634689211845398
0.2534294128417969
0.22876843810081482
0.23011520504951477
0.22123578190803528
0.20152075588703156
0.1990707814693451
0.19310590624809265
0.18519553542137146
0.17443931102752686
0.1794775277376175
0.1677086353302002
0.16896818578243256
0.1635967344045639
0.1592104434967041
0.15107624232769012
0.14649954438209534
0.15254850685596466
0.17736974358558655
0.1569017618894577
0.19223938882350922
0.19936811923980713
0.19967252016067505
0.17709873616695404
0.16939708590507507
0.18431037664413452
0.16964243352413177
0.16930289566516876
0.1502225399017334
0.14360377192497253
0.13366475701332092
0.14103400707244873
0.13844792544841766
