5.2734375
5.2032470703125
5.2032470703125
5.2032470703125
5.2032470703125
5.2032470703125
5.2032470703125
5.2032470703125
5.2032470703125
5.2032470703125
5.2032470703125
5.2032470703125
5.2032470703125
5.2032470703125
5.2032470703125
5.2032470703125
5.2032470703125
5.2032470703125
5.2032470703125
5.2032470703125
5.2032470703125
5.2032470703125
5.2032470703125
5.2032470703125
5.2032470703125
5.1361083984375
5.31158447265625
5.31158447265625
5.31158447265625
5.31158447265625
5.31158447265625
5.31158447265625
5.31158447265625
5.31158447265625
5.31158447265625
5.31158447265625
5.31158447265625
5.31158447265625
5.31158447265625
5.31158447265625
5.31158447265625
5.31158447265625
5.31158447265625
5.31158447265625
5.31158447265625
5.31158447265625
5.31158447265625
5.31158447265625
5.31158447265625
5.31158447265625
5.3314208984375
5.2276611328125
5.2276611328125
5.2276611328125
5.2276611328125
5.2276611328125
5.2276611328125
5.2276611328125
5.2276611328125
5.2276611328125
5.2276611328125
5.2276611328125
5.2276611328125
5.2276611328125
5.2276611328125
5.2276611328125
5.2276611328125
5.2276611328125
5.2276611328125
5.2276611328125
5.2276611328125
5.2276611328125
5.2276611328125
5.2276611328125
5.2276611328125
5.2093505859375
5.2093505859375
5.2093505859375
5.2093505859375
5.2093505859375
5.2093505859375
5.2093505859375
5.2093505859375
5.2093505859375
5.2093505859375
5.2093505859375
5.2093505859375
5.2093505859375
5.2093505859375
5.2093505859375
5.2093505859375
5.2093505859375
5.2093505859375
5.2093505859375
5.2093505859375
5.2093505859375
5.2093505859375
5.2093505859375
5.2093505859375
5.2093505859375
5.207061767578125
5.10101318359375
5.10101318359375
5.10101318359375
5.10101318359375
5.10101318359375
5.10101318359375
5.10101318359375
5.10101318359375
5.10101318359375
5.10101318359375
5.10101318359375
5.10101318359375
5.10101318359375
5.10101318359375
5.10101318359375
5.10101318359375
5.10101318359375
5.10101318359375
5.10101318359375
5.10101318359375
5.10101318359375
5.10101318359375
5.10101318359375
5.10101318359375
5.06134033203125
5.100250244140625
5.100250244140625
5.100250244140625
5.100250244140625
5.100250244140625
5.100250244140625
5.100250244140625
5.100250244140625
5.100250244140625
5.100250244140625
5.100250244140625
5.100250244140625
5.100250244140625
5.100250244140625
5.100250244140625
5.100250244140625
5.100250244140625
5.100250244140625
5.100250244140625
5.100250244140625
5.100250244140625
5.100250244140625
5.100250244140625
5.100250244140625
5.10406494140625
5.04608154296875
5.04608154296875
5.04608154296875
5.04608154296875
5.04608154296875
5.04608154296875
5.04608154296875
5.04608154296875
5.04608154296875
5.04608154296875
5.04608154296875
5.04608154296875
5.04608154296875
5.04608154296875
5.04608154296875
5.04608154296875
5.04608154296875
5.04608154296875
5.04608154296875
5.04608154296875
5.04608154296875
5.04608154296875
5.04608154296875
5.04608154296875
5.072021484375
5.007171630859375
5.007171630859375
5.007171630859375
5.007171630859375
5.007171630859375
5.007171630859375
5.007171630859375
5.007171630859375
5.007171630859375
5.007171630859375
5.007171630859375
5.007171630859375
5.007171630859375
5.007171630859375
5.007171630859375
5.007171630859375
5.007171630859375
5.007171630859375
5.007171630859375
5.007171630859375
5.007171630859375
5.007171630859375
5.007171630859375
5.007171630859375
5.007171630859375
5.00640869140625
5.00640869140625
5.00640869140625
5.00640869140625
5.00640869140625
5.00640869140625
5.00640869140625
5.00640869140625
5.00640869140625
5.00640869140625
5.00640869140625
5.00640869140625
5.00640869140625
5.00640869140625
5.00640869140625
5.00640869140625
5.00640869140625
5.00640869140625
5.00640869140625
5.00640869140625
5.00640869140625
5.00640869140625
5.00640869140625
5.00640869140625
5.027008056640625
5.020904541015625
5.020904541015625
5.020904541015625
5.020904541015625
5.020904541015625
5.020904541015625
5.020904541015625
5.020904541015625
5.020904541015625
5.020904541015625
5.020904541015625
5.020904541015625
5.020904541015625
5.020904541015625
5.020904541015625
5.020904541015625
5.020904541015625
5.020904541015625
5.020904541015625
5.020904541015625
5.020904541015625
5.020904541015625
5.020904541015625
5.020904541015625
5.020904541015625
5.150604248046875
5.150604248046875
5.150604248046875
5.150604248046875
5.150604248046875
5.150604248046875
5.150604248046875
5.150604248046875
5.150604248046875
5.150604248046875
5.150604248046875
5.150604248046875
5.150604248046875
5.150604248046875
5.150604248046875
5.150604248046875
5.150604248046875
5.150604248046875
5.150604248046875
5.150604248046875
5.150604248046875
5.150604248046875
5.150604248046875
5.150604248046875
5.15289306640625
5.265045166015625
5.265045166015625
5.265045166015625
5.265045166015625
5.265045166015625
5.265045166015625
5.265045166015625
5.265045166015625
5.265045166015625
5.265045166015625
5.265045166015625
5.265045166015625
5.265045166015625
5.265045166015625
5.265045166015625
5.265045166015625
5.265045166015625
5.265045166015625
5.265045166015625
5.265045166015625
5.265045166015625
5.265045166015625
5.265045166015625
5.265045166015625
5.304718017578125
5.29632568359375
5.29632568359375
5.29632568359375
5.29632568359375
5.29632568359375
5.29632568359375
5.29632568359375
5.29632568359375
5.29632568359375
5.29632568359375
5.29632568359375
5.29632568359375
5.29632568359375
5.29632568359375
5.29632568359375
5.29632568359375
5.29632568359375
5.29632568359375
5.29632568359375
5.29632568359375
5.29632568359375
5.29632568359375
5.29632568359375
5.29632568359375
5.29632568359375
5.28717041015625
5.28717041015625
5.28717041015625
5.28717041015625
5.28717041015625
5.28717041015625
5.28717041015625
5.28717041015625
5.28717041015625
5.28717041015625
5.28717041015625
5.28717041015625
5.28717041015625
5.28717041015625
5.28717041015625
5.28717041015625
5.28717041015625
5.28717041015625
5.28717041015625
5.28717041015625
5.28717041015625
5.28717041015625
5.28717041015625
5.28717041015625
5.28717041015625
5.335235595703125
5.335235595703125
5.335235595703125
5.335235595703125
5.335235595703125
5.335235595703125
5.335235595703125
5.335235595703125
5.335235595703125
5.335235595703125
5.335235595703125
5.335235595703125
5.335235595703125
5.335235595703125
5.335235595703125
5.335235595703125
5.335235595703125
5.335235595703125
5.335235595703125
5.335235595703125
5.335235595703125
5.335235595703125
5.335235595703125
5.335235595703125
5.309295654296875
5.356597900390625
5.356597900390625
5.356597900390625
5.356597900390625
5.356597900390625
5.356597900390625
5.356597900390625
5.356597900390625
5.356597900390625
5.356597900390625
5.356597900390625
5.356597900390625
5.356597900390625
5.356597900390625
5.356597900390625
5.356597900390625
5.356597900390625
5.356597900390625
5.356597900390625
5.356597900390625
5.356597900390625
5.356597900390625
5.356597900390625
5.356597900390625
11.313629150390625
14.275360107421875
14.275360107421875
14.275360107421875
14.275360107421875
14.275360107421875
14.275360107421875
14.275360107421875
14.275360107421875
14.275360107421875
14.275360107421875
14.275360107421875
14.275360107421875
14.275360107421875
14.275360107421875
14.275360107421875
14.275360107421875
14.275360107421875
14.275360107421875
14.275360107421875
14.275360107421875
14.275360107421875
14.275360107421875
14.275360107421875
14.275360107421875
14.3035888671875
14.3035888671875
14.3035888671875
14.3035888671875
14.3035888671875
14.3035888671875
14.3035888671875
14.3035888671875
14.3035888671875
14.3035888671875
14.3035888671875
14.3035888671875
14.3035888671875
14.3035888671875
14.3035888671875
14.3035888671875
14.3035888671875
14.3035888671875
14.3035888671875
14.3035888671875
14.3035888671875
14.3035888671875
14.3035888671875
14.3035888671875
14.3035888671875
14.3035888671875
14.197540283203125
14.197540283203125
14.197540283203125
14.197540283203125
14.197540283203125
14.197540283203125
14.197540283203125
14.197540283203125
14.197540283203125
14.197540283203125
14.197540283203125
14.197540283203125
14.197540283203125
14.197540283203125
14.197540283203125
14.197540283203125
14.197540283203125
14.197540283203125
14.197540283203125
14.197540283203125
14.197540283203125
14.197540283203125
14.197540283203125
14.197540283203125
14.1998291015625
11.193084716796875
11.193084716796875
11.193084716796875
11.193084716796875
11.193084716796875
11.193084716796875
11.193084716796875
11.193084716796875
11.193084716796875
11.193084716796875
11.193084716796875
11.193084716796875
11.193084716796875
11.193084716796875
11.193084716796875
11.193084716796875
11.193084716796875
11.193084716796875
11.193084716796875
11.193084716796875
11.193084716796875
11.193084716796875
11.193084716796875
11.193084716796875
11.193084716796875
11.173248291015625
11.173248291015625
11.173248291015625
11.173248291015625
11.173248291015625
11.173248291015625
11.173248291015625
11.173248291015625
11.173248291015625
11.173248291015625
11.173248291015625
11.173248291015625
11.173248291015625
11.173248291015625
11.173248291015625
11.173248291015625
11.173248291015625
11.173248291015625
11.173248291015625
11.173248291015625
11.173248291015625
11.173248291015625
11.173248291015625
11.173248291015625
11.203765869140625
14.13116455078125
14.13116455078125
14.13116455078125
14.13116455078125
14.13116455078125
14.13116455078125
14.13116455078125
14.13116455078125
14.13116455078125
14.13116455078125
14.13116455078125
14.13116455078125
14.13116455078125
14.13116455078125
14.13116455078125
14.13116455078125
14.13116455078125
14.13116455078125
14.13116455078125
14.13116455078125
14.13116455078125
14.13116455078125
14.13116455078125
14.13116455078125
14.13116455078125
17.063140869140625
17.063140869140625
17.063140869140625
17.063140869140625
17.063140869140625
17.063140869140625
17.063140869140625
17.063140869140625
17.063140869140625
17.063140869140625
17.063140869140625
17.063140869140625
17.063140869140625
17.063140869140625
17.063140869140625
17.063140869140625
17.063140869140625
17.063140869140625
17.063140869140625
17.063140869140625
17.063140869140625
17.063140869140625
17.063140869140625
17.063140869140625
17.1173095703125
14.1326904296875
14.1326904296875
14.1326904296875
14.1326904296875
14.1326904296875
14.1326904296875
14.1326904296875
14.1326904296875
14.1326904296875
14.1326904296875
14.1326904296875
14.1326904296875
14.1326904296875
14.1326904296875
14.1326904296875
14.1326904296875
14.1326904296875
14.1326904296875
14.1326904296875
14.1326904296875
14.1326904296875
14.1326904296875
14.1326904296875
14.1326904296875
14.191436767578125
14.144134521484375
14.144134521484375
14.144134521484375
14.144134521484375
14.144134521484375
14.144134521484375
14.144134521484375
14.144134521484375
14.144134521484375
14.144134521484375
14.144134521484375
14.144134521484375
14.144134521484375
14.144134521484375
14.144134521484375
14.144134521484375
14.144134521484375
14.144134521484375
14.144134521484375
14.144134521484375
14.144134521484375
14.144134521484375
14.144134521484375
14.144134521484375
14.03045654296875
11.023712158203125
11.023712158203125
11.023712158203125
11.023712158203125
11.023712158203125
11.023712158203125
11.023712158203125
11.023712158203125
11.023712158203125
11.023712158203125
11.023712158203125
11.023712158203125
11.023712158203125
11.023712158203125
11.023712158203125
11.023712158203125
11.023712158203125
11.023712158203125
11.023712158203125
11.023712158203125
11.023712158203125
11.023712158203125
11.023712158203125
11.023712158203125
11.023712158203125
11.02142333984375
11.02142333984375
11.02142333984375
11.02142333984375
11.02142333984375
11.02142333984375
11.02142333984375
11.02142333984375
11.02142333984375
11.02142333984375
11.02142333984375
11.02142333984375
11.02142333984375
11.02142333984375
11.02142333984375
11.02142333984375
11.02142333984375
11.02142333984375
11.02142333984375
11.02142333984375
11.02142333984375
11.02142333984375
11.02142333984375
11.02142333984375
10.96954345703125
10.994720458984375
10.994720458984375
10.994720458984375
10.994720458984375
10.994720458984375
10.994720458984375
10.994720458984375
10.994720458984375
10.994720458984375
10.994720458984375
10.994720458984375
10.994720458984375
10.994720458984375
10.994720458984375
10.994720458984375
10.994720458984375
10.994720458984375
10.994720458984375
10.994720458984375
10.994720458984375
10.994720458984375
10.994720458984375
10.994720458984375
10.994720458984375
10.9832763671875
10.9710693359375
10.9710693359375
10.9710693359375
10.9710693359375
10.9710693359375
10.9710693359375
10.9710693359375
10.9710693359375
10.9710693359375
10.9710693359375
10.9710693359375
10.9710693359375
10.9710693359375
10.9710693359375
10.9710693359375
10.9710693359375
10.9710693359375
10.9710693359375
10.9710693359375
10.9710693359375
10.9710693359375
10.9710693359375
10.9710693359375
10.9710693359375
10.9710693359375
11.048126220703125
11.048126220703125
11.048126220703125
11.048126220703125
11.048126220703125
11.048126220703125
11.048126220703125
11.048126220703125
11.048126220703125
11.048126220703125
11.048126220703125
11.048126220703125
11.048126220703125
11.048126220703125
11.048126220703125
11.048126220703125
11.048126220703125
11.048126220703125
11.048126220703125
11.048126220703125
11.048126220703125
11.048126220703125
11.048126220703125
11.048126220703125
11.09619140625
11.200714111328125
11.200714111328125
11.200714111328125
11.200714111328125
11.200714111328125
11.200714111328125
11.200714111328125
11.200714111328125
11.200714111328125
11.200714111328125
11.200714111328125
11.200714111328125
11.200714111328125
11.200714111328125
11.200714111328125
11.200714111328125
11.200714111328125
11.200714111328125
11.200714111328125
11.200714111328125
11.200714111328125
11.200714111328125
11.200714111328125
11.200714111328125
11.200714111328125
11.21673583984375
11.21673583984375
11.21673583984375
11.21673583984375
11.21673583984375
11.21673583984375
11.21673583984375
11.21673583984375
11.21673583984375
11.21673583984375
11.21673583984375
11.21673583984375
11.21673583984375
11.21673583984375
11.21673583984375
11.21673583984375
11.21673583984375
11.21673583984375
11.21673583984375
11.21673583984375
11.21673583984375
11.21673583984375
11.21673583984375
11.21673583984375
11.14349365234375
8.1695556640625
8.1695556640625
8.1695556640625
8.1695556640625
8.1695556640625
8.1695556640625
8.1695556640625
8.1695556640625
8.1695556640625
8.1695556640625
8.1695556640625
8.1695556640625
8.1695556640625
8.1695556640625
8.1695556640625
8.1695556640625
8.1695556640625
8.1695556640625
8.1695556640625
8.1695556640625
8.1695556640625
8.1695556640625
8.1695556640625
8.1695556640625
8.107757568359375
8.123016357421875
8.123016357421875
8.123016357421875
8.123016357421875
8.123016357421875
8.123016357421875
8.123016357421875
8.123016357421875
8.123016357421875
8.123016357421875
8.123016357421875
8.123016357421875
8.123016357421875
8.123016357421875
8.123016357421875
8.123016357421875
8.123016357421875
8.123016357421875
8.123016357421875
8.123016357421875
8.123016357421875
8.123016357421875
8.123016357421875
8.123016357421875
8.135986328125
8.09326171875
8.09326171875
8.09326171875
8.09326171875
8.09326171875
8.09326171875
8.09326171875
8.09326171875
8.09326171875
8.09326171875
8.09326171875
8.09326171875
8.09326171875
8.09326171875
8.09326171875
8.09326171875
8.09326171875
8.09326171875
8.09326171875
8.09326171875
8.09326171875
8.09326171875
8.09326171875
8.09326171875
8.09326171875
8.092498779296875
8.092498779296875
8.092498779296875
8.092498779296875
8.092498779296875
8.092498779296875
8.092498779296875
8.092498779296875
8.092498779296875
8.092498779296875
8.092498779296875
8.092498779296875
8.092498779296875
8.092498779296875
8.092498779296875
8.092498779296875
8.092498779296875
8.092498779296875
8.092498779296875
8.092498779296875
8.092498779296875
8.092498779296875
8.092498779296875
8.092498779296875
8.092498779296875
8.106231689453125
8.106231689453125
8.106231689453125
8.106231689453125
8.106231689453125
8.106231689453125
8.106231689453125
8.106231689453125
8.106231689453125
8.106231689453125
8.106231689453125
8.106231689453125
8.106231689453125
8.106231689453125
8.106231689453125
8.106231689453125
8.106231689453125
8.106231689453125
8.106231689453125
8.106231689453125
8.106231689453125
8.106231689453125
8.106231689453125
8.106231689453125
8.1085205078125
8.139801025390625
8.139801025390625
8.139801025390625
8.139801025390625
8.139801025390625
8.139801025390625
8.139801025390625
8.139801025390625
8.139801025390625
8.139801025390625
8.139801025390625
8.139801025390625
8.139801025390625
8.139801025390625
8.139801025390625
8.139801025390625
8.139801025390625
8.139801025390625
8.139801025390625
8.139801025390625
8.139801025390625
8.139801025390625
8.139801025390625
8.139801025390625
8.126068115234375
8.150482177734375
8.150482177734375
8.150482177734375
8.150482177734375
8.150482177734375
8.150482177734375
8.150482177734375
8.150482177734375
8.150482177734375
8.150482177734375
8.150482177734375
8.150482177734375
8.150482177734375
8.150482177734375
8.150482177734375
8.150482177734375
8.150482177734375
8.150482177734375
8.150482177734375
8.150482177734375
8.150482177734375
8.150482177734375
8.150482177734375
8.150482177734375
8.150482177734375
11.14654541015625
11.14654541015625
11.14654541015625
11.14654541015625
11.14654541015625
11.14654541015625
11.14654541015625
11.14654541015625
11.14654541015625
11.14654541015625
11.14654541015625
11.14654541015625
11.14654541015625
11.14654541015625
11.14654541015625
11.14654541015625
11.14654541015625
11.14654541015625
11.14654541015625
11.14654541015625
11.14654541015625
11.14654541015625
11.14654541015625
11.14654541015625
11.248779296875
11.248779296875
11.248779296875
11.248779296875
11.248779296875
11.248779296875
11.248779296875
11.248779296875
11.248779296875
11.248779296875
11.248779296875
11.248779296875
11.248779296875
11.248779296875
11.248779296875
11.248779296875
11.248779296875
11.248779296875
11.248779296875
11.248779296875
11.248779296875
11.248779296875
11.248779296875
11.248779296875
11.248779296875
11.248779296875
8.26568603515625
8.26568603515625
8.26568603515625
8.26568603515625
8.26568603515625
8.26568603515625
8.26568603515625
8.26568603515625
8.26568603515625
8.26568603515625
8.26568603515625
8.26568603515625
8.26568603515625
8.26568603515625
8.26568603515625
8.26568603515625
8.26568603515625
8.26568603515625
8.26568603515625
8.26568603515625
8.26568603515625
8.26568603515625
8.26568603515625
8.26568603515625
8.26568603515625
8.25653076171875
8.25653076171875
8.25653076171875
8.25653076171875
8.25653076171875
8.25653076171875
8.25653076171875
8.25653076171875
8.25653076171875
8.25653076171875
8.25653076171875
8.25653076171875
8.25653076171875
8.25653076171875
8.25653076171875
8.25653076171875
8.25653076171875
8.25653076171875
8.25653076171875
8.25653076171875
8.25653076171875
8.25653076171875
8.25653076171875
8.25653076171875
8.25653076171875
8.271026611328125
8.271026611328125
8.271026611328125
8.271026611328125
8.271026611328125
8.271026611328125
8.271026611328125
8.271026611328125
8.271026611328125
8.271026611328125
8.271026611328125
8.271026611328125
8.271026611328125
8.271026611328125
8.271026611328125
8.271026611328125
8.271026611328125
8.271026611328125
8.271026611328125
8.271026611328125
8.271026611328125
8.271026611328125
8.271026611328125
8.271026611328125
8.271026611328125
8.23516845703125
8.23516845703125
8.23516845703125
8.23516845703125
8.23516845703125
8.23516845703125
8.23516845703125
8.23516845703125
8.23516845703125
8.23516845703125
8.23516845703125
8.23516845703125
8.23516845703125
8.23516845703125
8.23516845703125
8.23516845703125
8.23516845703125
8.23516845703125
8.23516845703125
8.23516845703125
8.23516845703125
8.23516845703125
8.23516845703125
8.23516845703125
8.2122802734375
8.167266845703125
8.167266845703125
8.167266845703125
8.167266845703125
8.167266845703125
8.167266845703125
8.167266845703125
8.167266845703125
8.167266845703125
8.167266845703125
8.167266845703125
8.167266845703125
8.167266845703125
8.167266845703125
8.167266845703125
8.167266845703125
8.167266845703125
8.167266845703125
8.167266845703125
8.167266845703125
8.167266845703125
8.167266845703125
8.167266845703125
8.167266845703125
8.167266845703125
8.167266845703125
8.167266845703125
8.167266845703125
8.167266845703125
8.167266845703125
8.167266845703125
8.167266845703125
8.167266845703125
8.167266845703125
8.167266845703125
8.167266845703125
8.167266845703125
8.167266845703125
8.167266845703125
8.167266845703125
8.167266845703125
8.167266845703125
8.167266845703125
8.167266845703125
8.167266845703125
8.167266845703125
8.167266845703125
8.167266845703125
8.167266845703125
8.167266845703125
8.197021484375
8.197021484375
8.197021484375
8.197021484375
8.197021484375
8.197021484375
8.197021484375
8.197021484375
8.197021484375
8.197021484375
8.197021484375
8.197021484375
8.197021484375
8.197021484375
8.197021484375
8.197021484375
8.197021484375
8.197021484375
8.197021484375
8.197021484375
8.197021484375
8.197021484375
8.197021484375
8.197021484375
8.162689208984375
8.090972900390625
8.090972900390625
8.090972900390625
8.090972900390625
8.090972900390625
8.090972900390625
8.090972900390625
8.090972900390625
8.090972900390625
8.090972900390625
8.090972900390625
8.090972900390625
8.090972900390625
8.090972900390625
8.090972900390625
8.090972900390625
8.090972900390625
8.090972900390625
8.090972900390625
8.090972900390625
8.090972900390625
8.090972900390625
8.090972900390625
8.090972900390625
8.090972900390625
8.09173583984375
8.09173583984375
8.09173583984375
8.09173583984375
8.09173583984375
8.09173583984375
8.09173583984375
8.09173583984375
8.09173583984375
8.09173583984375
8.09173583984375
8.09173583984375
8.09173583984375
8.09173583984375
8.09173583984375
8.09173583984375
8.09173583984375
8.09173583984375
8.09173583984375
8.09173583984375
8.09173583984375
8.09173583984375
8.09173583984375
8.09173583984375
8.09173583984375
8.051300048828125
8.051300048828125
8.051300048828125
8.051300048828125
8.051300048828125
8.051300048828125
8.051300048828125
8.051300048828125
8.051300048828125
8.051300048828125
8.051300048828125
8.051300048828125
8.051300048828125
8.051300048828125
8.051300048828125
8.051300048828125
8.051300048828125
8.051300048828125
8.051300048828125
8.051300048828125
8.051300048828125
8.051300048828125
8.051300048828125
8.051300048828125
8.04901123046875
13.99078369140625
13.99078369140625
13.99078369140625
13.99078369140625
13.99078369140625
13.99078369140625
13.99078369140625
13.99078369140625
13.99078369140625
13.99078369140625
13.99078369140625
13.99078369140625
13.99078369140625
13.99078369140625
13.99078369140625
13.99078369140625
13.99078369140625
13.99078369140625
13.99078369140625
13.99078369140625
13.99078369140625
13.99078369140625
13.99078369140625
13.99078369140625
13.99078369140625
14.0106201171875
14.0106201171875
14.0106201171875
14.0106201171875
14.0106201171875
14.0106201171875
14.0106201171875
14.0106201171875
14.0106201171875
14.0106201171875
14.0106201171875
14.0106201171875
14.0106201171875
14.0106201171875
14.0106201171875
14.0106201171875
14.0106201171875
14.0106201171875
14.0106201171875
14.0106201171875
14.0106201171875
14.0106201171875
14.0106201171875
14.0106201171875
14.0106201171875
14.0106201171875
14.0106201171875
14.0106201171875
14.0106201171875
14.0106201171875
14.0106201171875
14.0106201171875
14.0106201171875
14.0106201171875
14.0106201171875
14.0106201171875
14.0106201171875
14.0106201171875
14.0106201171875
14.0106201171875
14.0106201171875
14.0106201171875
14.0106201171875
14.0106201171875
14.0106201171875
14.0106201171875
14.0106201171875
14.0106201171875
14.0106201171875
14.0106201171875
14.0167236328125
14.0167236328125
14.0167236328125
14.0167236328125
14.0167236328125
14.0167236328125
14.0167236328125
14.0167236328125
14.0167236328125
14.0167236328125
14.0167236328125
14.0167236328125
14.0167236328125
14.0167236328125
14.0167236328125
14.0167236328125
14.0167236328125
14.0167236328125
14.0167236328125
14.0167236328125
14.0167236328125
14.0167236328125
14.0167236328125
14.0167236328125
14.0167236328125
14.02740478515625
14.02740478515625
14.02740478515625
14.02740478515625
14.02740478515625
14.02740478515625
14.02740478515625
14.02740478515625
14.02740478515625
14.02740478515625
14.02740478515625
14.02740478515625
14.02740478515625
14.02740478515625
14.02740478515625
14.02740478515625
14.02740478515625
14.02740478515625
14.02740478515625
14.02740478515625
14.02740478515625
14.02740478515625
14.02740478515625
14.02740478515625
14.02740478515625
13.99078369140625
13.99078369140625
13.99078369140625
13.99078369140625
13.99078369140625
13.99078369140625
13.99078369140625
13.99078369140625
13.99078369140625
13.99078369140625
13.99078369140625
13.99078369140625
13.99078369140625
13.99078369140625
13.99078369140625
13.99078369140625
13.99078369140625
13.99078369140625
13.99078369140625
13.99078369140625
13.99078369140625
13.99078369140625
13.99078369140625
13.99078369140625
13.99078369140625
13.99078369140625
13.99078369140625
13.99078369140625
13.99078369140625
13.99078369140625
13.99078369140625
13.99078369140625
13.99078369140625
13.99078369140625
13.99078369140625
13.99078369140625
13.99078369140625
13.99078369140625
13.99078369140625
13.99078369140625
13.99078369140625
13.99078369140625
13.99078369140625
13.99078369140625
13.99078369140625
13.99078369140625
13.99078369140625
13.99078369140625
13.99078369140625
13.99078369140625
13.99078369140625
13.99078369140625
13.99078369140625
13.99078369140625
13.99078369140625
13.99078369140625
13.99078369140625
13.99078369140625
13.99078369140625
13.99078369140625
13.99078369140625
13.99078369140625
13.99078369140625
13.99078369140625
13.99078369140625
13.99078369140625
13.99078369140625
13.99078369140625
13.99078369140625
13.99078369140625
13.99078369140625
13.99078369140625
13.99078369140625
13.99078369140625
13.99078369140625
13.938140869140625
13.938140869140625
13.938140869140625
13.938140869140625
13.938140869140625
13.938140869140625
13.938140869140625
13.938140869140625
13.938140869140625
13.938140869140625
13.938140869140625
13.938140869140625
13.938140869140625
13.938140869140625
13.938140869140625
13.938140869140625
13.938140869140625
13.938140869140625
13.938140869140625
13.938140869140625
13.938140869140625
13.938140869140625
13.938140869140625
13.938140869140625
13.938140869140625
13.93890380859375
13.93890380859375
13.93890380859375
13.93890380859375
13.93890380859375
13.93890380859375
13.93890380859375
13.93890380859375
13.93890380859375
13.93890380859375
13.93890380859375
13.93890380859375
13.93890380859375
13.93890380859375
13.93890380859375
13.93890380859375
13.93890380859375
13.93890380859375
13.93890380859375
13.93890380859375
13.93890380859375
13.93890380859375
13.93890380859375
13.93890380859375
13.93890380859375
10.889434814453125
10.889434814453125
10.889434814453125
10.889434814453125
10.889434814453125
10.889434814453125
10.889434814453125
10.889434814453125
10.889434814453125
10.889434814453125
10.889434814453125
10.889434814453125
10.889434814453125
10.889434814453125
10.889434814453125
10.889434814453125
10.889434814453125
10.889434814453125
10.889434814453125
10.889434814453125
10.889434814453125
10.889434814453125
10.889434814453125
10.889434814453125
10.889434814453125
10.889434814453125
10.889434814453125
10.889434814453125
10.889434814453125
10.889434814453125
10.889434814453125
10.889434814453125
10.889434814453125
10.889434814453125
10.889434814453125
10.889434814453125
10.889434814453125
10.889434814453125
10.889434814453125
10.889434814453125
10.889434814453125
10.889434814453125
10.889434814453125
10.889434814453125
10.889434814453125
10.889434814453125
10.889434814453125
10.889434814453125
10.889434814453125
10.889434814453125
10.863494873046875
10.863494873046875
10.863494873046875
10.863494873046875
10.863494873046875
10.863494873046875
10.863494873046875
10.863494873046875
10.863494873046875
10.863494873046875
10.863494873046875
10.863494873046875
10.863494873046875
10.863494873046875
10.863494873046875
10.863494873046875
10.863494873046875
10.863494873046875
10.863494873046875
10.863494873046875
10.863494873046875
10.863494873046875
10.863494873046875
10.863494873046875
10.86273193359375
10.8367919921875
10.8367919921875
10.8367919921875
10.8367919921875
10.8367919921875
10.8367919921875
10.8367919921875
10.8367919921875
10.8367919921875
10.8367919921875
10.8367919921875
10.8367919921875
10.8367919921875
10.8367919921875
10.8367919921875
10.8367919921875
10.8367919921875
10.8367919921875
10.8367919921875
10.8367919921875
10.8367919921875
10.8367919921875
10.8367919921875
10.8367919921875
10.8367919921875
10.87799072265625
10.87799072265625
10.87799072265625
10.87799072265625
10.87799072265625
10.87799072265625
10.87799072265625
10.87799072265625
10.87799072265625
10.87799072265625
10.87799072265625
10.87799072265625
10.87799072265625
10.87799072265625
10.87799072265625
10.87799072265625
10.87799072265625
10.87799072265625
10.87799072265625
10.87799072265625
10.87799072265625
10.87799072265625
10.87799072265625
10.87799072265625
10.839080810546875
10.880279541015625
10.880279541015625
10.880279541015625
10.880279541015625
10.880279541015625
10.880279541015625
10.880279541015625
10.880279541015625
10.880279541015625
10.880279541015625
10.880279541015625
10.880279541015625
10.880279541015625
10.880279541015625
10.880279541015625
10.880279541015625
10.880279541015625
10.880279541015625
10.880279541015625
10.880279541015625
10.880279541015625
10.880279541015625
10.880279541015625
10.880279541015625
10.880279541015625
10.945892333984375
10.945892333984375
10.945892333984375
10.945892333984375
10.945892333984375
10.945892333984375
10.945892333984375
10.945892333984375
10.945892333984375
10.945892333984375
10.945892333984375
10.945892333984375
10.945892333984375
10.945892333984375
10.945892333984375
10.945892333984375
10.945892333984375
10.945892333984375
10.945892333984375
10.945892333984375
10.945892333984375
10.945892333984375
10.945892333984375
10.945892333984375
10.945892333984375
10.971832275390625
10.971832275390625
10.971832275390625
10.971832275390625
10.971832275390625
10.971832275390625
10.971832275390625
10.971832275390625
10.971832275390625
10.971832275390625
10.971832275390625
10.971832275390625
10.971832275390625
10.971832275390625
10.971832275390625
10.971832275390625
10.971832275390625
10.971832275390625
10.971832275390625
10.971832275390625
10.971832275390625
10.971832275390625
10.971832275390625
10.971832275390625
10.971832275390625
10.967254638671875
10.967254638671875
10.967254638671875
10.967254638671875
10.967254638671875
10.967254638671875
10.967254638671875
10.967254638671875
10.967254638671875
10.967254638671875
10.967254638671875
10.967254638671875
10.967254638671875
10.967254638671875
10.967254638671875
10.967254638671875
10.967254638671875
10.967254638671875
10.967254638671875
10.967254638671875
10.967254638671875
10.967254638671875
10.967254638671875
10.967254638671875
10.967254638671875
11.023712158203125
11.023712158203125
11.023712158203125
11.023712158203125
11.023712158203125
11.023712158203125
11.023712158203125
11.023712158203125
11.023712158203125
11.023712158203125
11.023712158203125
11.023712158203125
11.023712158203125
11.023712158203125
11.023712158203125
11.023712158203125
11.023712158203125
11.023712158203125
11.023712158203125
11.023712158203125
11.023712158203125
11.023712158203125
11.023712158203125
11.023712158203125
11.023712158203125
11.0382080078125
11.0382080078125
11.0382080078125
11.0382080078125
11.0382080078125
11.0382080078125
11.0382080078125
11.0382080078125
11.0382080078125
11.0382080078125
11.0382080078125
11.0382080078125
11.0382080078125
11.0382080078125
11.0382080078125
11.0382080078125
11.0382080078125
11.0382080078125
11.0382080078125
11.0382080078125
11.0382080078125
11.0382080078125
11.0382080078125
11.0382080078125
11.0382080078125
11.005401611328125
11.005401611328125
11.005401611328125
11.005401611328125
11.005401611328125
11.005401611328125
11.005401611328125
11.005401611328125
11.005401611328125
11.005401611328125
11.005401611328125
11.005401611328125
11.005401611328125
11.005401611328125
11.005401611328125
11.005401611328125
11.005401611328125
11.005401611328125
11.005401611328125
11.005401611328125
11.005401611328125
11.005401611328125
11.005401611328125
11.005401611328125
7.976531982421875
5.055999755859375
5.055999755859375
5.055999755859375
5.055999755859375
5.055999755859375
5.055999755859375
5.055999755859375
5.055999755859375
5.055999755859375
5.055999755859375
5.055999755859375
5.055999755859375
5.055999755859375
5.055999755859375
5.055999755859375
5.055999755859375
5.055999755859375
5.055999755859375
5.055999755859375
5.055999755859375
5.055999755859375
5.055999755859375
5.055999755859375
5.055999755859375
4.991912841796875
5.01251220703125
5.01251220703125
5.01251220703125
5.01251220703125
5.01251220703125
5.01251220703125
5.01251220703125
5.01251220703125
5.01251220703125
5.01251220703125
5.01251220703125
5.01251220703125
5.01251220703125
5.01251220703125
5.01251220703125
5.01251220703125
5.01251220703125
5.01251220703125
5.01251220703125
5.01251220703125
5.01251220703125
5.01251220703125
5.01251220703125
5.01251220703125
5.01251220703125
5.04913330078125
5.04913330078125
5.04913330078125
5.04913330078125
5.04913330078125
5.04913330078125
5.04913330078125
5.04913330078125
5.04913330078125
5.04913330078125
5.04913330078125
5.04913330078125
5.04913330078125
5.04913330078125
5.04913330078125
5.04913330078125
5.04913330078125
5.04913330078125
5.04913330078125
5.04913330078125
5.04913330078125
5.04913330078125
5.04913330078125
5.04913330078125
5.04913330078125
5.15899658203125
5.15899658203125
5.15899658203125
5.15899658203125
5.15899658203125
5.15899658203125
5.15899658203125
5.15899658203125
5.15899658203125
5.15899658203125
5.15899658203125
5.15899658203125
5.15899658203125
5.15899658203125
5.15899658203125
5.15899658203125
5.15899658203125
5.15899658203125
5.15899658203125
5.15899658203125
5.15899658203125
5.15899658203125
5.15899658203125
5.15899658203125
8.0963134765625
8.075714111328125
8.075714111328125
8.075714111328125
8.075714111328125
8.075714111328125
8.075714111328125
8.075714111328125
8.075714111328125
8.075714111328125
8.075714111328125
8.075714111328125
8.075714111328125
8.075714111328125
8.075714111328125
8.075714111328125
8.075714111328125
8.075714111328125
8.075714111328125
8.075714111328125
8.075714111328125
8.075714111328125
8.075714111328125
8.075714111328125
8.075714111328125
8.075714111328125
8.075714111328125
8.075714111328125
8.075714111328125
8.075714111328125
8.075714111328125
8.075714111328125
8.075714111328125
8.075714111328125
8.075714111328125
8.075714111328125
8.075714111328125
8.075714111328125
8.075714111328125
8.075714111328125
8.075714111328125
8.075714111328125
8.075714111328125
8.075714111328125
8.075714111328125
8.075714111328125
8.075714111328125
8.075714111328125
8.075714111328125
8.075714111328125
8.075714111328125
8.072662353515625
8.072662353515625
8.072662353515625
8.072662353515625
8.072662353515625
8.072662353515625
8.072662353515625
8.072662353515625
8.072662353515625
8.072662353515625
8.072662353515625
8.072662353515625
8.072662353515625
8.072662353515625
8.072662353515625
8.072662353515625
8.072662353515625
8.072662353515625
8.072662353515625
8.072662353515625
8.072662353515625
8.072662353515625
8.072662353515625
8.072662353515625
8.072662353515625
