0.0
0.0
0.0
0.0
0.0
11.524523735046387
9.217906951904297
10.231297492980957
10.649477005004883
10.153042793273926
10.107608795166016
11.593767166137695
11.782718658447266
11.557910919189453
11.188701629638672
10.055752754211426
10.017610549926758
9.593364715576172
9.158197402954102
9.144784927368164
8.123682022094727
7.770303726196289
7.980679512023926
8.140357971191406
7.920058727264404
8.140337944030762
9.0086669921875
9.676509857177734
10.022760391235352
9.922635078430176
10.938329696655273
10.956277847290039
10.070066452026367
10.138284683227539
10.353048324584961
9.81605339050293
9.744598388671875
9.728691101074219
9.710234642028809
9.055907249450684
9.526016235351562
9.047124862670898
9.862747192382812
8.587381362915039
8.803470611572266
7.806399345397949
7.39129638671875
7.262805938720703
7.213577747344971
7.2784552574157715
6.982418060302734
7.421960353851318
6.438626766204834
7.8813018798828125
8.121103286743164
8.172101974487305
8.074529647827148
8.037796020507812
8.65924072265625
9.393072128295898
10.315516471862793
10.26199722290039
9.997589111328125
10.555413246154785
10.75130844116211
10.469396591186523
10.96679973602295
10.397774696350098
10.879799842834473
10.026865005493164
10.138338088989258
10.350552558898926
10.665462493896484
10.820934295654297
10.188941955566406
10.723203659057617
10.084627151489258
10.255053520202637
10.863155364990234
10.61785888671875
11.290992736816406
10.743511199951172
10.002095222473145
10.095193862915039
9.207576751708984
10.133058547973633
9.842790603637695
10.337252616882324
10.01957893371582
10.357410430908203
9.34689712524414
9.238980293273926
9.774860382080078
8.80546760559082
8.576512336730957
7.877923488616943
7.705774307250977
9.790946006774902
10.058408737182617
9.847747802734375
9.562774658203125
8.787035942077637
8.535978317260742
9.270465850830078
8.418403625488281
8.378923416137695
8.86266040802002
8.720409393310547
8.27170181274414
8.421737670898438
8.35193157196045
8.284636497497559
8.914386749267578
9.101935386657715
8.738259315490723
9.469367980957031
9.133882522583008
8.465229034423828
8.128793716430664
8.41517448425293
8.91905403137207
8.046615600585938
8.678285598754883
8.672883987426758
8.800646781921387
9.380989074707031
8.862373352050781
8.553662300109863
7.961328029632568
7.6914448738098145
8.471342086791992
8.7955322265625
8.745481491088867
8.865496635437012
9.013611793518066
10.001317977905273
9.764841079711914
9.34726619720459
9.861438751220703
9.902992248535156
