0.0
9.375
15.625
18.75
12.53509521484375
0.016021728515625
12.5
0.016021728515625
0.016021728515625
0.0
0.0
0.016021728515625
0.0
0.016021728515625
0.0
0.016021728515625
12.5
12.5
12.5
12.5
0.016021728515625
15.625
18.75
21.875
0.016021728515625
0.016021728515625
0.016021728515625
15.625
18.75
0.016021728515625
0.0
0.0
0.0
0.0
0.36773681640625
0.36773681640625
0.36773681640625
0.36773681640625
0.3814697265625
0.014495849609375
0.0
0.0
0.0
0.0
0.0
0.0
0.0
0.0
0.0
0.016021728515625
0.016021728515625
0.0
0.00762939453125
0.00762939453125
0.00762939453125
0.00762939453125
0.00762939453125
0.00762939453125
0.0
0.0
0.0
0.0
0.0
0.0
0.0
0.0
0.638580322265625
0.638580322265625
0.638580322265625
0.64697265625
0.64697265625
0.64697265625
0.64697265625
0.64697265625
0.64697265625
0.023651123046875
0.023651123046875
0.01983642578125
0.01983642578125
0.01983642578125
0.01983642578125
0.01983642578125
0.01983642578125
0.01983642578125
0.01983642578125
0.0244140625
0.0
0.0
0.0
0.0
0.0
0.0
0.003814697265625
0.003814697265625
0.00762939453125
0.00762939453125
0.00762939453125
0.003814697265625
0.003814697265625
0.003814697265625
0.003814697265625
0.003814697265625
0.003814697265625
0.003814697265625
0.003814697265625
0.003814697265625
0.003814697265625
0.003814697265625
0.003814697265625
0.003814697265625
0.003814697265625
0.003814697265625
0.003814697265625
0.003814697265625
0.003814697265625
0.019073486328125
0.0152587890625
0.0152587890625
0.0152587890625
0.0152587890625
0.0152587890625
0.0152587890625
0.0152587890625
0.0152587890625
0.0152587890625
0.0152587890625
0.0152587890625
0.0152587890625
0.0152587890625
0.0152587890625
0.0152587890625
0.0152587890625
0.0152587890625
0.0152587890625
0.0152587890625
0.0152587890625
0.0152587890625
0.0152587890625
0.016021728515625
