1.4746336936950684
1.1969367265701294
0.9347532987594604
0.7531505823135376
0.7113679647445679
0.6613705158233643
0.6220239400863647
0.585089921951294
0.5353562235832214
0.47682446241378784
0.4246440827846527
0.4221651554107666
0.38350439071655273
0.3858242630958557
0.3380081057548523
0.3129209578037262
0.30565884709358215
0.2867087125778198
0.27469462156295776
0.2550670802593231
0.2647404670715332
0.25307294726371765
0.24359822273254395
0.23676642775535583
0.21936509013175964
1.5327003002166748
1.2719249725341797
1.026825189590454
0.8905944228172302
0.7467314004898071
0.7468966245651245
0.6245531439781189
0.5837881565093994
0.5317045450210571
0.49830690026283264
0.46060115098953247
0.4458976089954376
0.41878125071525574
0.4054647982120514
0.39312300086021423
0.3475550413131714
0.3472788631916046
0.3215031027793884
0.3264518976211548
0.3078041672706604
0.30086344480514526
0.29651331901550293
0.29288268089294434
0.2802926301956177
0.2565595209598541
0.3943530321121216
0.45283254981040955
0.38623178005218506
0.3353542983531952
0.3096682131290436
0.27893051505088806
0.2592710256576538
0.2582619786262512
0.23126070201396942
0.249132439494133
0.22065433859825134
0.2045152485370636
0.19656990468502045
0.18443971872329712
0.17789481580257416
0.16868937015533447
0.1815294772386551
0.16994249820709229
0.1689397394657135
0.16335874795913696
0.16068947315216064
0.1591411978006363
0.15494397282600403
0.1496470868587494
0.1671956479549408
0.18546900153160095
0.16490063071250916
0.15224164724349976
0.14367257058620453
0.145344078540802
0.15172894299030304
0.13654117286205292
0.1292228251695633
0.13760584592819214
0.14004123210906982
0.13174223899841309
0.13091544806957245
0.1400061845779419
