19.392478942871094
19.5924072265625
19.26798439025879
18.876876831054688
18.347511291503906
18.464839935302734
18.167757034301758
17.51137924194336
17.886615753173828
17.784591674804688
17.73324203491211
16.91179847717285
17.353797912597656
17.305667877197266
16.491626739501953
16.83930778503418
16.770341873168945
17.132957458496094
17.274030685424805
17.243669509887695
17.56549835205078
16.691879272460938
16.189943313598633
15.948223114013672
15.72311782836914
17.55364990234375
17.981021881103516
17.802549362182617
18.0184383392334
18.20723533630371
18.37672233581543
18.871116638183594
18.35784912109375
17.878297805786133
17.496360778808594
18.021697998046875
17.779600143432617
17.281463623046875
17.280628204345703
17.190662384033203
17.518625259399414
17.470172882080078
16.82147979736328
16.64809799194336
16.448877334594727
16.446361541748047
15.935938835144043
15.718225479125977
15.661904335021973
15.654932022094727
15.369461059570312
15.560748100280762
15.47088623046875
15.136366844177246
15.328401565551758
16.36772918701172
15.683378219604492
15.251274108886719
14.595311164855957
15.632887840270996
15.451594352722168
15.809942245483398
16.686878204345703
16.423294067382812
15.317960739135742
15.36745834350586
14.154187202453613
14.862726211547852
14.482897758483887
14.278969764709473
13.701858520507812
14.122831344604492
14.744712829589844
14.856104850769043
15.211101531982422
15.897506713867188
16.083229064941406
16.36190414428711
14.702744483947754
14.534460067749023
14.301785469055176
14.47515869140625
14.54632568359375
14.077701568603516
14.362866401672363
13.621601104736328
14.055105209350586
14.590179443359375
14.393848419189453
13.907426834106445
13.08819580078125
13.082555770874023
12.828295707702637
12.922142028808594
13.08804702758789
13.046594619750977
12.668785095214844
13.11749267578125
13.11825180053711
12.663427352905273
12.735965728759766
12.812504768371582
12.870317459106445
13.032590866088867
12.999265670776367
12.908624649047852
