1.4555875062942505
0.9277811646461487
0.8665698170661926
0.7005296945571899
0.5914021134376526
0.5509680509567261
0.4871706962585449
0.4431546926498413
0.4247656464576721
0.4086616039276123
0.3716750144958496
0.3885970413684845
0.3609786033630371
0.3540484607219696
0.3259619474411011
0.34461188316345215
0.2976139187812805
0.3225421905517578
0.2807140350341797
0.3107640743255615
0.2646980285644531
0.2775479555130005
0.2528957724571228
0.264364093542099
0.2533416152000427
0.41338855028152466
0.5443102121353149
0.4917871654033661
0.4593999981880188
0.42514026165008545
0.3970491290092468
0.37682023644447327
0.353821337223053
0.3486374020576477
0.3427373170852661
0.3266814947128296
0.31507864594459534
0.3011491596698761
0.2985938787460327
0.2857015132904053
0.26977330446243286
0.2684362828731537
0.26440852880477905
0.25893113017082214
0.23220980167388916
0.22600412368774414
0.23233509063720703
0.2314978837966919
0.2228235900402069
0.23437464237213135
0.30686289072036743
0.27312636375427246
0.2690708339214325
0.26660507917404175
0.2543747127056122
0.2623283267021179
0.2397557497024536
0.22789913415908813
0.2215225249528885
0.2183811366558075
0.22401642799377441
0.22838933765888214
0.2340776026248932
0.21997478604316711
0.20796604454517365
