8.633305549621582
6.485949993133545
5.782462120056152
4.8876423835754395
4.118110179901123
4.02144718170166
5.027505874633789
3.3405404090881348
4.617511749267578
3.7967264652252197
4.650777816772461
4.31622314453125
4.602106094360352
4.917722225189209
3.964221477508545
4.914618492126465
5.118049621582031
5.192903995513916
5.128519058227539
4.57337760925293
5.242203235626221
5.015414714813232
4.546875476837158
5.062906265258789
5.108774185180664
5.008310317993164
4.994118690490723
5.286349296569824
4.675093650817871
5.266120910644531
4.587065696716309
5.10942268371582
4.844648838043213
5.899814605712891
4.6601715087890625
5.854398250579834
5.307939529418945
5.5846662521362305
5.729372978210449
5.765579700469971
5.522890090942383
5.6717987060546875
5.48973274230957
5.613306045532227
4.895621299743652
5.512450218200684
5.414255142211914
4.890547275543213
5.551177024841309
5.434596061706543
4.854828357696533
6.076328277587891
5.022355079650879
5.014679908752441
5.1411333084106445
5.009461879730225
5.143187046051025
5.632932662963867
6.26325798034668
5.400511741638184
6.247595310211182
6.008464336395264
5.451622009277344
5.613936424255371
4.082181930541992
5.6355509757995605
4.57144832611084
5.460210800170898
5.810469150543213
4.948657989501953
4.536005973815918
6.259427070617676
4.714494228363037
5.084704399108887
5.286922931671143
5.033786296844482
5.174351692199707
6.230480670928955
5.97296142578125
5.392751693725586
5.6880316734313965
5.677201271057129
4.903757572174072
4.576358795166016
5.272026062011719
5.319680690765381
4.511490345001221
5.376879692077637
4.914760589599609
4.939093112945557
5.306421279907227
5.94301176071167
4.902126789093018
5.190202713012695
5.348191261291504
5.012137413024902
5.783926010131836
4.7203898429870605
5.0289530754089355
5.265556812286377
6.299046516418457
5.178746223449707
5.589846611022949
3.713340997695923
6.0017476081848145
4.457016468048096
5.176177978515625
5.400166034698486
5.162687301635742
4.593636989593506
5.138282775878906
5.48087739944458
4.435972213745117
3.7644500732421875
3.6021456718444824
4.446131706237793
5.529634475708008
4.1772027015686035
4.616270065307617
4.9046430587768555
4.451623439788818
4.06987190246582
3.2450110912323
4.927031517028809
4.645284652709961
4.332401275634766
8.586578369140625
6.700430870056152
5.53875732421875
5.490721702575684
4.977697849273682
4.765273571014404
4.440471649169922
4.595653533935547
4.770601749420166
4.874115943908691
4.763402938842773
4.928273677825928
4.670642852783203
4.260261535644531
4.962684631347656
4.562295913696289
4.721739292144775
4.530359268188477
4.969940185546875
4.899544715881348
4.913433074951172
4.425243377685547
4.8283233642578125
5.466873645782471
5.30766487121582
4.797626495361328
4.9687676429748535
5.148283958435059
4.702613353729248
4.88240385055542
4.574086666107178
4.68231725692749
5.1956377029418945
5.734799861907959
4.715579032897949
4.61471700668335
5.269808769226074
5.336307525634766
5.047253131866455
5.343701362609863
5.043874740600586
5.487868309020996
5.116820335388184
5.048142433166504
4.889756679534912
5.192765712738037
5.5022711753845215
5.525875091552734
5.062034606933594
4.614071369171143
5.2140984535217285
4.421389579772949
5.498446464538574
5.8923845291137695
4.690936088562012
4.671355247497559
5.788355827331543
5.724777698516846
5.121561050415039
5.096469879150391
5.351471900939941
5.510652542114258
5.549080848693848
5.498538017272949
5.630199909210205
5.168825149536133
4.686992645263672
5.132815361022949
5.443655014038086
5.696697235107422
5.205580711364746
6.358373165130615
5.468173980712891
5.066154479980469
5.476703643798828
5.444512367248535
6.180318832397461
6.050005912780762
5.48961877822876
5.336554527282715
5.477869033813477
5.096250534057617
4.85328483581543
5.813834190368652
6.009500503540039
5.6652140617370605
5.549051284790039
5.020577907562256
5.405066967010498
5.6010236740112305
5.3715434074401855
6.493226051330566
6.112417221069336
5.224203109741211
5.322292327880859
5.471212387084961
6.1782660484313965
5.138080596923828
5.759956359863281
5.848252296447754
5.603158473968506
5.958992958068848
5.542782783508301
5.484882354736328
6.02083683013916
6.182249069213867
5.113305568695068
5.96959114074707
5.7996416091918945
5.684293270111084
5.850700855255127
5.792594909667969
6.479522705078125
6.390372276306152
5.814441204071045
5.934835910797119
6.109210014343262
6.091448783874512
5.137753009796143
6.1766462326049805
5.953575134277344
5.874606132507324
6.175203323364258
5.432284832000732
5.942578315734863
5.624056339263916
8.607805252075195
6.487018585205078
5.550732135772705
5.519312858581543
4.991021633148193
4.806168556213379
5.351973056793213
4.963263034820557
4.74705696105957
4.411481857299805
5.072800159454346
5.119441986083984
4.68532657623291
5.235764026641846
5.068904876708984
5.174727916717529
4.7239274978637695
4.995828628540039
4.710968017578125
4.875765323638916
4.938591957092285
5.134769439697266
5.057865142822266
5.6653032302856445
4.41483211517334
4.525798320770264
5.838987350463867
4.9105119705200195
4.608358383178711
5.647045612335205
5.068093299865723
5.167181491851807
5.633697509765625
5.553121566772461
4.8475341796875
5.6042351722717285
6.347776412963867
5.06887149810791
5.65231466293335
5.37365198135376
5.841498851776123
5.272860050201416
5.806041240692139
5.139362335205078
5.484927654266357
5.5142107009887695
5.624347686767578
5.950018882751465
5.795145034790039
5.910853385925293
5.904179573059082
5.798681259155273
6.261478424072266
5.304874897003174
5.666188716888428
5.40699577331543
5.578375339508057
5.513493537902832
5.744853973388672
5.617743968963623
6.117526054382324
6.3904619216918945
6.472768783569336
5.132810115814209
6.131576061248779
6.152085304260254
5.485569953918457
6.082372665405273
5.52617073059082
5.720833778381348
5.6037187576293945
5.346793174743652
5.275900840759277
5.9560546875
6.454195022583008
5.348672866821289
6.101961612701416
5.220505714416504
5.431562423706055
5.207712173461914
5.773815155029297
5.676138401031494
6.04753303527832
5.263187408447266
6.11117696762085
6.359498977661133
5.593027114868164
5.680447578430176
6.0679826736450195
6.118659019470215
6.302281379699707
5.975877285003662
6.125063896179199
6.142901420593262
4.9534149169921875
7.025864601135254
5.793361663818359
5.869810581207275
6.4526686668396
6.103881359100342
5.7931671142578125
6.081502437591553
5.755564212799072
5.360499858856201
5.493346691131592
5.690992832183838
5.784226417541504
6.531137466430664
6.044743061065674
6.485635280609131
5.492255210876465
5.949402809143066
6.425736427307129
5.507498741149902
5.557283401489258
5.934002876281738
5.386854648590088
5.6750168800354
5.095915794372559
5.697732448577881
5.933821678161621
5.549131870269775
5.717159271240234
6.63577127456665
5.820751190185547
6.277584075927734
8.589390754699707
6.4563984870910645
5.592893123626709
5.7724504470825195
5.277520656585693
4.880017280578613
5.150640964508057
4.9896345138549805
4.764004707336426
4.619015693664551
5.179959297180176
5.093355178833008
4.600294589996338
4.954344749450684
4.972521781921387
4.797835826873779
5.1251020431518555
4.900087356567383
5.291628360748291
4.758114814758301
5.022363662719727
4.78201150894165
4.569077491760254
4.491264343261719
4.673464775085449
4.746304512023926
4.23904275894165
4.636207580566406
5.085726261138916
5.1727213859558105
5.061743259429932
3.985347270965576
5.056206703186035
4.920948505401611
4.429976463317871
5.310369968414307
4.769461631774902
5.192542552947998
5.605817794799805
5.093199729919434
4.536074638366699
4.400456428527832
5.066646099090576
5.362077713012695
4.739582061767578
5.564471244812012
4.807506084442139
4.849175453186035
5.354376316070557
5.550453186035156
4.910109519958496
5.0362091064453125
4.788824081420898
5.1301374435424805
5.140389442443848
5.180562973022461
5.157109260559082
5.120199203491211
4.744986057281494
5.186826705932617
5.753883361816406
4.807190895080566
4.790232181549072
4.98738431930542
4.588586807250977
4.820874214172363
5.337971210479736
5.924360275268555
5.1053080558776855
5.5180344581604
5.654229164123535
5.037904739379883
5.6803083419799805
5.068303108215332
4.921942234039307
5.9708147048950195
5.767847537994385
5.060361385345459
5.768255710601807
5.376477241516113
5.4319915771484375
5.5345964431762695
5.060134410858154
6.107994079589844
5.571612358093262
5.014252662658691
5.943699836730957
5.560276508331299
5.146828651428223
5.749420166015625
5.707973480224609
6.034135341644287
4.48476505279541
4.358176231384277
5.982930660247803
5.512640953063965
5.321566104888916
5.921725273132324
5.590546607971191
5.677637100219727
5.460656642913818
5.466739654541016
5.513998508453369
5.076990127563477
5.153680324554443
5.63188362121582
4.901101112365723
6.007180213928223
5.78463888168335
5.714443206787109
4.431803226470947
5.427232265472412
5.651907920837402
5.952983856201172
5.08718729019165
5.126545429229736
5.2975921630859375
5.083282470703125
5.665423393249512
4.912140846252441
5.390412330627441
5.549495697021484
6.373415470123291
5.988708019256592
5.978050708770752
5.381283283233643
8.591470718383789
6.559173107147217
5.466375350952148
5.8328657150268555
5.296690464019775
4.817333221435547
5.288089752197266
4.769208908081055
4.775609970092773
4.690109729766846
5.0630879402160645
4.856222152709961
4.872376918792725
4.92232608795166
5.410456657409668
4.707437515258789
4.850564956665039
4.623103141784668
4.216151714324951
4.553202152252197
3.979728937149048
5.06639289855957
4.607878684997559
5.3039774894714355
5.018823146820068
5.073851585388184
5.581235885620117
4.929093837738037
4.516448974609375
4.786111831665039
4.153515815734863
4.5034098625183105
4.906985282897949
4.888352870941162
4.428765773773193
4.741987228393555
5.5499186515808105
4.665361404418945
4.686870574951172
4.970740795135498
4.8147053718566895
5.063167572021484
4.6832756996154785
4.882843971252441
5.03456449508667
5.71116304397583
4.860753536224365
4.988508224487305
5.492110252380371
4.912593841552734
5.145988464355469
4.920475959777832
5.192294120788574
5.154877662658691
4.714480876922607
4.916304111480713
6.094888687133789
5.487147331237793
5.573260307312012
4.853018283843994
5.354465007781982
5.085414886474609
5.1041259765625
4.679737091064453
5.082016468048096
5.656049728393555
5.252208232879639
5.992277145385742
5.559398651123047
5.154193878173828
4.744575500488281
5.5953898429870605
6.035317420959473
5.655034065246582
5.12357234954834
5.52485466003418
5.825088977813721
5.855153560638428
5.614869117736816
5.782567501068115
5.634124755859375
5.153627395629883
5.753357887268066
5.776398658752441
5.545996189117432
4.951230049133301
4.773193836212158
5.861728668212891
5.173530578613281
5.7828450202941895
5.695955276489258
4.697128772735596
5.201948165893555
5.154348373413086
5.276019096374512
5.225955963134766
5.821708679199219
5.6743268966674805
5.781589508056641
5.028301239013672
5.33455228805542
5.741186141967773
5.9449543952941895
5.127800941467285
5.446660995483398
5.855932712554932
6.946345329284668
5.630904674530029
5.517776012420654
5.337080001831055
6.133713722229004
6.042180061340332
5.92382287979126
6.065584659576416
6.192713737487793
5.382430553436279
6.061614036560059
6.193131923675537
6.121785640716553
6.135690689086914
5.5128173828125
5.837443828582764
5.793765068054199
5.598354339599609
5.930437088012695
6.6975836753845215
8.600815773010254
6.3499040603637695
5.401620864868164
5.525543212890625
5.020320892333984
5.408600330352783
5.238889694213867
5.14101505279541
5.262337684631348
5.460914611816406
5.088308811187744
5.154428958892822
5.189572811126709
5.126347064971924
4.8627095222473145
5.107576370239258
5.581891059875488
5.720203399658203
5.148189544677734
5.399868965148926
5.290961265563965
5.323270797729492
5.373672962188721
5.4060540199279785
4.896580696105957
5.560464382171631
4.857702255249023
4.93458890914917
4.598433971405029
4.708194732666016
4.630556583404541
4.751952171325684
4.816616535186768
5.432380676269531
5.128054618835449
5.077479839324951
4.880558967590332
5.279128074645996
5.273983478546143
4.843216896057129
5.263116359710693
5.096451759338379
5.567394733428955
5.407078742980957
5.342467308044434
5.806366443634033
5.667651176452637
4.587122917175293
5.835426330566406
5.392728328704834
6.172107696533203
5.66309118270874
6.251662254333496
5.723086357116699
5.768650531768799
5.59090518951416
8.625070571899414
8.586944580078125
8.597338676452637
8.592571258544922
6.706110954284668
5.100561141967773
4.662668228149414
4.070887088775635
4.422167778015137
4.785976409912109
4.307460784912109
4.175385475158691
4.435116767883301
4.319662094116211
5.03187370300293
4.956331253051758
5.3343048095703125
4.791753768920898
5.158551216125488
5.2524003982543945
8.613167762756348
6.674269676208496
5.717718124389648
5.616644382476807
5.553441047668457
5.326608657836914
5.315295219421387
5.431724548339844
5.05031681060791
5.753539085388184
5.5997314453125
5.448821067810059
5.52925968170166
4.650340557098389
5.400470733642578
4.6166229248046875
5.114009380340576
5.308357238769531
5.480832099914551
4.928628444671631
5.2777299880981445
4.751259803771973
4.334547996520996
5.3751959800720215
5.526063919067383
5.5496416091918945
4.767548561096191
5.275707244873047
5.272848129272461
4.759397983551025
5.034548759460449
5.409152030944824
4.970956802368164
5.420071601867676
5.463753700256348
5.152242660522461
5.079996109008789
5.507444381713867
5.6410136222839355
5.6985979080200195
5.720714092254639
4.828472137451172
4.654867172241211
4.913347244262695
5.5479278564453125
5.2493720054626465
5.434972763061523
5.747964859008789
4.620267391204834
5.0751237869262695
5.039798259735107
5.303710460662842
5.0439252853393555
4.774432182312012
5.063735008239746
5.7843828201293945
4.53586483001709
5.442034721374512
5.218135833740234
5.73690938949585
4.9761643409729
5.275686264038086
4.965023994445801
5.088980674743652
5.4522223472595215
5.346485137939453
5.145079612731934
4.594527721405029
5.391837120056152
5.878101348876953
5.897006034851074
5.403051853179932
4.980325698852539
5.648116111755371
5.093841552734375
4.888565540313721
5.201023101806641
5.178671360015869
5.940737724304199
5.591540813446045
6.22712516784668
5.445960998535156
5.408575057983398
6.078765869140625
5.176170825958252
5.440668106079102
5.960306167602539
4.889862060546875
5.253308296203613
6.100163459777832
5.860974311828613
5.795350551605225
5.56950044631958
5.128255367279053
6.05129861831665
6.054731369018555
5.892121315002441
6.318981647491455
5.504738807678223
5.800792694091797
5.139218330383301
6.174621105194092
5.575392723083496
6.133039474487305
5.725988388061523
6.043920993804932
5.483089447021484
5.650747776031494
5.586516380310059
5.310370445251465
5.74617862701416
5.895482063293457
4.711207389831543
5.760931968688965
5.676760673522949
4.684844017028809
6.454953670501709
4.993068218231201
5.386456489562988
5.820943832397461
5.6905317306518555
5.800250053405762
6.354704856872559
4.987112522125244
6.078534126281738
5.894643783569336
5.845863342285156
6.038832664489746
5.87648344039917
5.4559173583984375
5.079796314239502
6.272571563720703
6.112861156463623
5.400473117828369
5.715368270874023
6.350098609924316
5.709150314331055
5.211491584777832
5.836641311645508
5.712709903717041
5.6453752517700195
5.380810737609863
4.853741645812988
5.043935775756836
5.816307067871094
6.146056175231934
5.020212173461914
5.116504669189453
5.381658554077148
5.496342658996582
4.890024185180664
5.130710601806641
4.736898899078369
4.818493366241455
4.643282890319824
5.134894371032715
4.198603630065918
5.314671516418457
5.157780647277832
3.819847822189331
3.121121406555176
4.254231929779053
3.9730377197265625
3.3080050945281982
4.690511226654053
4.172486305236816
3.6896986961364746
3.771761894226074
4.2100934982299805
3.223651885986328
3.8230202198028564
3.980752944946289
2.4092159271240234
4.111621856689453
3.204390525817871
4.805045127868652
3.782759428024292
3.4788601398468018
3.2792794704437256
3.8531579971313477
3.919738292694092
2.9135403633117676
2.414572238922119
2.862581253051758
3.49965763092041
3.0563340187072754
2.4385182857513428
2.994760036468506
3.6208043098449707
2.491776943206787
2.8515758514404297
2.709585666656494
3.3905410766601562
2.744410514831543
2.729379415512085
2.547741413116455
2.615845203399658
2.5304641723632812
2.0860228538513184
1.9906061887741089
2.3439881801605225
2.167931079864502
2.0703470706939697
2.8316407203674316
3.1722044944763184
1.856858253479004
2.676229476928711
2.8220906257629395
2.0449650287628174
2.4441020488739014
2.5064120292663574
1.846213698387146
2.3804802894592285
1.6614798307418823
2.520381450653076
2.0513968467712402
2.3462281227111816
2.7141520977020264
3.640559673309326
1.471544861793518
2.8943607807159424
2.287951946258545
2.185340404510498
1.4983298778533936
2.5442636013031006
1.9260177612304688
1.954087495803833
2.344243288040161
2.8832671642303467
2.6149072647094727
2.228379964828491
2.9789013862609863
2.0262598991394043
2.8952131271362305
2.2497377395629883
2.1328139305114746
2.243124485015869
2.775846481323242
2.8002848625183105
2.115957260131836
2.3609890937805176
2.735663652420044
2.4217891693115234
2.321868419647217
3.1586875915527344
2.8006114959716797
2.461888313293457
2.727921485900879
2.8289427757263184
3.4280831813812256
2.747019052505493
2.794330596923828
2.8212509155273438
2.6914169788360596
3.260807991027832
2.5058279037475586
2.309417486190796
2.3758621215820312
2.0481014251708984
3.1248159408569336
2.654094696044922
2.9234280586242676
2.612095355987549
2.6988022327423096
1.9025330543518066
2.7681593894958496
2.63443660736084
2.44952130317688
2.874138593673706
2.5552430152893066
2.4417102336883545
3.249602794647217
3.1773953437805176
3.14384126663208
2.582746982574463
2.7144951820373535
2.8635082244873047
2.723909854888916
2.7902722358703613
3.0274786949157715
3.226235866546631
2.0890462398529053
2.614229202270508
2.733539342880249
2.474404811859131
1.819446325302124
3.7360355854034424
2.3379716873168945
2.2164993286132812
2.1418685913085938
2.279435157775879
2.8093082904815674
2.4806692600250244
2.0472121238708496
2.8273565769195557
2.526763677597046
2.566417694091797
1.8055245876312256
2.37589430809021
2.6189446449279785
2.5520870685577393
2.2619845867156982
2.6109344959259033
2.307371139526367
2.740380048751831
2.7045860290527344
1.749265432357788
2.4833498001098633
1.9399466514587402
1.881636142730713
2.5800859928131104
1.489232063293457
1.3378512859344482
1.7682676315307617
2.207930088043213
2.240616798400879
2.6648037433624268
2.423332691192627
1.5509663820266724
2.1085619926452637
1.8896973133087158
2.1088662147521973
1.2462928295135498
2.6890618801116943
1.567323088645935
8.59428596496582
6.675329685211182
5.678946495056152
5.81472110748291
5.164433002471924
5.406835556030273
5.62813663482666
