8.628311157226562
6.807648181915283
5.572722434997559
5.763606071472168
5.12050199508667
5.090484619140625
4.995351791381836
4.723130702972412
4.871134281158447
4.969355583190918
4.840720176696777
4.8155388832092285
5.14040994644165
4.66476583480835
4.943160057067871
4.754181861877441
4.687992572784424
5.090160369873047
5.548781394958496
5.678853988647461
4.830669403076172
4.5852460861206055
5.209102153778076
4.613377571105957
4.9088921546936035
5.231048107147217
5.165665626525879
4.4791717529296875
4.813512802124023
5.381569862365723
4.61032772064209
4.7290730476379395
5.224061965942383
5.030701160430908
5.691727638244629
4.927234649658203
5.173285961151123
5.6818742752075195
5.387598037719727
5.450289249420166
4.147073268890381
4.891974449157715
4.876621246337891
6.205890655517578
5.938050270080566
5.756410598754883
4.806105613708496
5.690693378448486
5.748927593231201
5.075477600097656
5.8242645263671875
5.294119834899902
5.332267761230469
5.346053123474121
5.422705173492432
6.201800346374512
5.479987621307373
5.968875885009766
5.745327472686768
5.7219977378845215
5.951502799987793
6.21938943862915
5.212096214294434
5.654540061950684
5.568233489990234
5.796263694763184
6.318750381469727
6.298152923583984
5.779567718505859
5.316534996032715
5.613577842712402
5.733232498168945
5.26531982421875
5.981924057006836
5.759490013122559
5.374720096588135
5.922718048095703
5.598134994506836
5.777846336364746
6.254721641540527
6.397791862487793
5.243268966674805
6.068528652191162
5.536597728729248
5.559893608093262
5.303073883056641
5.749497890472412
5.337733268737793
6.280405044555664
6.193631172180176
6.2147345542907715
5.493154525756836
8.593859672546387
6.782204627990723
5.582453727722168
6.0472941398620605
5.3414201736450195
5.273235321044922
5.400660514831543
5.204781532287598
5.089228630065918
5.079545497894287
5.23028039932251
4.865329742431641
4.54885196685791
4.702661037445068
5.141711235046387
4.743809223175049
5.029636383056641
4.818896293640137
4.938911437988281
5.145237922668457
4.383403778076172
4.930692195892334
4.718180179595947
5.14166784286499
4.607117652893066
4.968624591827393
4.364380836486816
4.955513954162598
5.333024978637695
5.8231353759765625
4.785754203796387
5.227125644683838
5.666719913482666
4.866621494293213
5.7457380294799805
5.349499225616455
5.088381767272949
5.457457542419434
6.025156497955322
5.870445251464844
5.776223182678223
5.292576789855957
5.818904876708984
5.05636739730835
6.114200115203857
5.355104446411133
5.234452247619629
5.092313766479492
5.570481300354004
5.868330001831055
6.365935325622559
5.32182502746582
5.28747034072876
5.442124366760254
4.932605743408203
5.304859161376953
5.9012932777404785
5.814680099487305
5.584836959838867
5.689513683319092
5.363029479980469
5.722764492034912
5.75051736831665
5.204713821411133
5.478982925415039
5.957185745239258
4.926684856414795
5.886386394500732
5.285051345825195
6.095112323760986
5.883379936218262
5.6978983879089355
6.082198143005371
6.401731967926025
6.197009086608887
4.819178581237793
5.7222981452941895
5.678201198577881
5.632253646850586
5.402052879333496
5.928278923034668
6.177501678466797
5.873666286468506
5.225977897644043
5.031006336212158
5.54771614074707
5.6962432861328125
5.607909202575684
5.471877098083496
5.772998809814453
5.823081970214844
5.064388275146484
5.687613487243652
5.827789306640625
5.431032180786133
5.354870796203613
5.999327659606934
5.638485908508301
5.960768699645996
5.867121696472168
5.874794006347656
6.044958591461182
6.0021653175354
5.160683631896973
5.776288986206055
5.776887893676758
5.767589569091797
5.807321071624756
5.830246925354004
5.9632744789123535
5.504118919372559
5.594446182250977
6.126173973083496
6.0609941482543945
5.269237518310547
6.044231414794922
6.209458827972412
6.562211036682129
6.529670238494873
5.885506629943848
5.668374061584473
5.263391017913818
5.683403015136719
5.805403709411621
5.536433219909668
5.263640403747559
6.223351001739502
5.852210521697998
6.404474258422852
6.565108299255371
5.884757995605469
5.860764026641846
6.21329927444458
6.434812545776367
5.614156723022461
6.026565074920654
6.064931869506836
5.949390411376953
5.542876720428467
6.552319526672363
5.778935432434082
5.5570268630981445
5.458865165710449
5.563266754150391
5.767359733581543
6.520170211791992
5.454415798187256
5.067093849182129
5.315303802490234
5.526393890380859
6.21347713470459
5.50334358215332
5.638731479644775
6.0187177658081055
5.761527061462402
6.350881576538086
4.953951358795166
5.667041778564453
5.9038238525390625
4.999127388000488
6.217628002166748
6.00723123550415
5.429233074188232
6.212212085723877
6.088587760925293
6.4391889572143555
5.730389595031738
5.16349983215332
4.958978652954102
4.582884788513184
5.219532012939453
4.686359882354736
4.815207004547119
4.771251678466797
5.402247905731201
4.982785701751709
4.387550354003906
4.84110164642334
4.874713897705078
4.858819007873535
5.24957799911499
5.082496643066406
5.249175071716309
5.2273993492126465
5.2532806396484375
4.7565598487854
4.965185165405273
4.791081428527832
4.963274002075195
4.124941349029541
4.522251129150391
4.806188583374023
3.9520907402038574
4.333254814147949
4.1190972328186035
4.675134181976318
4.971611976623535
4.443130970001221
5.158581733703613
4.180862903594971
4.214113712310791
4.266098976135254
4.466853141784668
4.846678733825684
3.7675132751464844
3.33913516998291
3.497469425201416
4.1637420654296875
3.495227813720703
4.357815265655518
4.412688255310059
4.1132283210754395
3.680936574935913
4.095335006713867
3.72615647315979
3.599295139312744
3.6204373836517334
3.0882835388183594
4.1246018409729
3.343782424926758
3.5632195472717285
3.1319847106933594
4.299807548522949
3.9237961769104004
4.132973670959473
3.191687822341919
4.06613302230835
4.470800399780273
3.9409825801849365
4.294486999511719
3.755491256713867
3.065917730331421
3.1864659786224365
3.700983762741089
3.5479955673217773
3.514268398284912
3.6852378845214844
3.2432403564453125
2.4286842346191406
3.3885765075683594
3.1334471702575684
2.9116365909576416
3.3798601627349854
3.476073980331421
4.231429100036621
3.977402687072754
3.5234992504119873
3.466468334197998
3.477532386779785
3.944218158721924
3.122793197631836
3.187747001647949
3.262681484222412
3.0175364017486572
3.360619306564331
3.3432493209838867
4.497439384460449
4.359498977661133
2.6752500534057617
3.3134801387786865
3.5918362140655518
3.3719756603240967
3.4252657890319824
3.1961798667907715
3.097108840942383
4.463181018829346
3.981599807739258
3.5678508281707764
3.5444178581237793
2.8127353191375732
3.2151167392730713
4.072096824645996
3.7850072383880615
5.1049323081970215
3.360435962677002
4.088839530944824
3.478440999984741
3.287662982940674
3.892160415649414
3.394747495651245
4.172475814819336
3.764202117919922
4.223445892333984
4.8466291427612305
4.37782096862793
4.226240158081055
4.7336015701293945
4.507671356201172
4.929679870605469
4.243768215179443
4.268303871154785
4.226046562194824
4.297231674194336
4.740673065185547
4.967286109924316
5.1776838302612305
3.9847326278686523
4.7508544921875
4.539457321166992
5.365903854370117
5.047842502593994
4.343635559082031
4.618963241577148
4.157540798187256
4.103110313415527
4.7701640129089355
5.205146789550781
5.606191158294678
4.80048942565918
5.4607439041137695
4.786515235900879
4.852168083190918
5.763740539550781
5.440876007080078
5.444314002990723
5.4411773681640625
4.295759201049805
5.141814231872559
4.800983905792236
5.577553749084473
5.143166542053223
5.069070816040039
4.960121154785156
5.98972225189209
4.963131427764893
5.867774963378906
5.368350028991699
4.874289035797119
5.029574394226074
5.315365791320801
5.576836109161377
6.100978374481201
5.161672592163086
5.533001899719238
5.304574966430664
5.157375812530518
5.3538947105407715
5.852458477020264
6.098324298858643
5.854531288146973
5.577090263366699
5.276073932647705
6.053210735321045
5.756726264953613
6.004072189331055
5.416301727294922
6.147393226623535
6.029599189758301
6.024835586547852
5.241933822631836
5.375340461730957
5.4328413009643555
5.587398529052734
6.32642936706543
6.4692487716674805
6.337925910949707
5.276063919067383
5.431179523468018
5.991479873657227
5.7847747802734375
4.712814807891846
5.2974958419799805
5.872652530670166
6.076791286468506
6.384427070617676
5.548285961151123
5.981599807739258
4.864439964294434
5.516803741455078
6.104083061218262
5.380012512207031
5.154300212860107
5.058073043823242
6.017967224121094
5.054309844970703
5.648633003234863
5.541595935821533
5.757619857788086
5.103825569152832
4.687119007110596
5.815925598144531
5.785292625427246
5.901242256164551
5.090319633483887
5.645788192749023
5.293743133544922
5.379603385925293
6.133179664611816
5.13505744934082
5.106170654296875
5.489184379577637
5.410324573516846
5.628578186035156
5.425229072570801
5.392757892608643
4.868360996246338
5.542362213134766
5.887152671813965
5.930049419403076
5.484123706817627
5.5951337814331055
5.287630558013916
6.043127059936523
5.390132427215576
6.2153425216674805
5.807531833648682
5.210736274719238
5.920890808105469
5.811468124389648
5.3039045333862305
5.015828609466553
5.298464775085449
6.343544006347656
4.662315845489502
4.519801616668701
5.555139541625977
5.502116680145264
6.210326194763184
5.335325717926025
5.766444206237793
5.707787990570068
5.320929050445557
5.485685348510742
5.593300819396973
5.5240068435668945
5.284647464752197
4.826003551483154
6.139992713928223
5.307215690612793
4.878005027770996
5.822607040405273
6.0757856369018555
5.30900764465332
6.462161540985107
5.2383246421813965
5.071873188018799
5.9787750244140625
5.919821262359619
4.996834754943848
5.553338050842285
5.596385478973389
5.637068271636963
6.219149589538574
5.2213640213012695
5.397184371948242
5.28544807434082
5.466452121734619
4.933204174041748
6.354561805725098
5.07554292678833
4.991743564605713
4.765300750732422
4.757095813751221
4.509961128234863
6.129819393157959
5.000025749206543
5.211086273193359
4.96452522277832
4.398015022277832
5.709890365600586
4.956144332885742
5.155007839202881
5.347924709320068
5.87007474899292
4.935727119445801
5.017460823059082
5.359044551849365
5.844018936157227
6.205427169799805
5.489428520202637
5.804299354553223
6.390253067016602
6.0035552978515625
5.480410099029541
5.473029613494873
5.09262228012085
5.370298385620117
4.950562477111816
5.316631317138672
5.164391994476318
6.383349418640137
4.754171371459961
4.736212730407715
5.807259559631348
5.216318607330322
5.732211112976074
4.845030307769775
5.60361909866333
4.872457504272461
6.197575569152832
5.643275737762451
5.125462532043457
4.867360591888428
5.893547534942627
5.495911598205566
5.497787952423096
5.356949806213379
5.916082382202148
5.4959940910339355
5.867926597595215
5.372379302978516
5.614135265350342
5.92710542678833
5.6214118003845215
5.529147148132324
5.694870948791504
5.873876094818115
6.143287658691406
4.919825553894043
5.1433610916137695
5.567463397979736
5.364337921142578
5.066245079040527
6.38909912109375
4.7243266105651855
5.833213806152344
5.092196464538574
5.761478900909424
5.559447288513184
6.349063873291016
4.894655227661133
5.510028839111328
5.694598197937012
5.02012300491333
5.855325698852539
5.991199493408203
5.975642204284668
6.161613464355469
5.449124813079834
6.307348251342773
5.737736701965332
6.488520622253418
6.48543643951416
6.229983329772949
5.9022016525268555
5.645828723907471
5.795403480529785
5.894156455993652
6.1378021240234375
6.338829040527344
6.172126770019531
5.900647163391113
4.944806098937988
6.253118515014648
5.808962821960449
6.211740493774414
6.013545989990234
5.632360458374023
5.980254650115967
5.846285820007324
6.473767280578613
6.309408187866211
6.390685081481934
5.227093696594238
5.775909423828125
6.28627347946167
5.876452445983887
6.5310444831848145
5.682502746582031
7.058833122253418
6.181268692016602
5.895054817199707
6.436342239379883
6.187112808227539
5.726491928100586
5.840675354003906
5.445544242858887
5.696741104125977
6.100163459777832
6.139871597290039
5.887434005737305
5.838434219360352
5.8884596824646
6.285299301147461
6.249980926513672
6.365175247192383
5.800995826721191
6.011532306671143
5.715521335601807
6.3618059158325195
6.0909624099731445
5.384420394897461
6.258147716522217
