0.0
0.0
0.0
0.0
0.0
0.0
0.0
0.0
0.0
0.000762939453125
0.0
0.0
0.0
0.0
11.651999473571777
9.975890159606934
9.515606880187988
9.131875991821289
8.997757911682129
8.067272186279297
8.601420402526855
9.059480667114258
9.471961975097656
10.942131996154785
10.405182838439941
8.114837646484375
7.228434085845947
6.754007339477539
6.59810209274292
7.266860008239746
8.759716033935547
7.872231483459473
8.216728210449219
8.061737060546875
7.524236679077148
6.664644241333008
6.736283779144287
6.850714206695557
6.638460636138916
6.4145307540893555
7.159891128540039
6.978423595428467
7.148656845092773
7.216612815856934
7.567896842956543
7.431873321533203
8.235782623291016
8.158560752868652
8.086745262145996
8.118083953857422
8.528494834899902
8.472128868103027
7.321138381958008
7.20286750793457
6.802285671234131
7.473380088806152
7.072739601135254
7.3679022789001465
7.560488700866699
7.397709369659424
6.427026748657227
6.040256977081299
5.9209675788879395
5.820101261138916
5.683023929595947
5.789028644561768
5.685689926147461
5.879222869873047
6.767682075500488
6.212832927703857
6.5313310623168945
7.168636322021484
6.401363849639893
5.945352077484131
5.697492599487305
5.7320122718811035
6.000552654266357
6.091949939727783
6.3549017906188965
6.361547470092773
6.003499984741211
5.9837517738342285
5.928459644317627
6.229926586151123
5.888230323791504
6.701467990875244
7.019600868225098
7.099852561950684
7.133533477783203
6.5894083976745605
6.707209587097168
7.032627105712891
7.3944854736328125
8.35448169708252
8.02370834350586
8.447151184082031
7.274486064910889
7.810915946960449
7.228385925292969
7.649057388305664
6.884771347045898
7.417088508605957
7.172415256500244
7.521718978881836
7.856433868408203
6.916426181793213
7.4414825439453125
7.6348114013671875
6.976634979248047
7.843665599822998
7.325186729431152
7.474381446838379
7.76006555557251
7.391444683074951
7.144096851348877
7.151022911071777
7.072822570800781
6.82914924621582
8.10576057434082
7.5532989501953125
7.25048828125
7.017030715942383
6.939157485961914
7.010189056396484
6.690001487731934
7.005926609039307
7.142681121826172
6.333610534667969
6.475820064544678
5.975549697875977
6.527039051055908
6.2540998458862305
6.0280070304870605
6.247346878051758
6.143214702606201
6.424080848693848
6.237310886383057
5.90395975112915
5.69559907913208
5.79833984375
5.853132247924805
5.856290817260742
5.740237236022949
5.671804428100586
6.0020952224731445
6.223258972167969
6.258657455444336
6.1115264892578125
5.954280853271484
6.034731864929199
5.6423444747924805
5.619566440582275
5.530248165130615
5.3605499267578125
5.5391035079956055
5.5630598068237305
5.605494499206543
5.813401222229004
6.255283355712891
5.481175899505615
5.434410095214844
5.314053058624268
5.200505256652832
5.119141578674316
5.091670989990234
5.104351997375488
5.126951694488525
5.150780200958252
4.73073673248291
4.740009307861328
4.504151821136475
4.543704986572266
4.335112571716309
4.41420841217041
4.357439994812012
4.353224754333496
4.240246295928955
4.291721820831299
4.159082412719727
4.283435344696045
4.115932464599609
4.126920700073242
3.9678375720977783
4.063779830932617
3.9192986488342285
3.9335885047912598
3.7862706184387207
3.7609775066375732
3.5289454460144043
3.438674211502075
3.4033806324005127
3.442678451538086
3.336757183074951
3.307018995285034
3.0753445625305176
2.998824119567871
3.0160679817199707
2.7494144439697266
2.984710454940796
2.7165396213531494
2.656694173812866
2.5533447265625
2.4792098999023438
