0.641632080078125
0.933074951171875
1.019287109375
7.205963134765625
7.12890625
13.071441650390625
9.880828857421875
9.765625
12.805938720703125
12.807464599609375
15.93170166015625
10.124969482421875
10.124969482421875
10.123443603515625
10.123443603515625
13.17291259765625
13.116455078125
13.074493408203125
13.155364990234375
13.155364990234375
13.155364990234375
0.641632080078125
0.98724365234375
0.98724365234375
0.98724365234375
0.98724365234375
0.98724365234375
0.98724365234375
0.98724365234375
0.98724365234375
0.98724365234375
0.98724365234375
0.98724365234375
0.98724365234375
0.98724365234375
0.98724365234375
0.98724365234375
0.98724365234375
0.98724365234375
0.98724365234375
0.98724365234375
0.98724365234375
0.98724365234375
0.98724365234375
0.98724365234375
0.98724365234375
0.826263427734375
0.7415771484375
0.7415771484375
0.7415771484375
0.7415771484375
0.7415771484375
0.7415771484375
0.7415771484375
0.7415771484375
0.7415771484375
0.7415771484375
0.7415771484375
0.7415771484375
0.7415771484375
0.7415771484375
0.7415771484375
0.7415771484375
0.7415771484375
0.7415771484375
0.7415771484375
0.7415771484375
0.7415771484375
0.7415771484375
0.7415771484375
0.7415771484375
0.7293701171875
0.732421875
0.732421875
0.732421875
0.732421875
0.732421875
0.732421875
0.732421875
0.732421875
0.732421875
0.732421875
0.732421875
0.732421875
0.732421875
0.732421875
0.732421875
0.732421875
0.732421875
0.732421875
0.732421875
0.732421875
0.732421875
0.732421875
0.732421875
0.732421875
0.946807861328125
0.971221923828125
0.971221923828125
0.971221923828125
0.971221923828125
0.971221923828125
0.971221923828125
0.971221923828125
0.971221923828125
0.971221923828125
0.971221923828125
0.971221923828125
0.971221923828125
0.971221923828125
0.971221923828125
0.971221923828125
0.971221923828125
0.971221923828125
0.971221923828125
0.971221923828125
0.971221923828125
0.971221923828125
0.971221923828125
0.971221923828125
0.971221923828125
1.064300537109375
1.023101806640625
1.023101806640625
1.023101806640625
1.023101806640625
1.023101806640625
1.023101806640625
1.023101806640625
1.023101806640625
1.023101806640625
1.023101806640625
1.023101806640625
1.023101806640625
1.023101806640625
1.023101806640625
1.023101806640625
1.023101806640625
1.023101806640625
1.023101806640625
1.023101806640625
1.023101806640625
1.023101806640625
1.023101806640625
1.023101806640625
1.023101806640625
0.994110107421875
0.963592529296875
0.963592529296875
0.963592529296875
0.963592529296875
0.963592529296875
0.963592529296875
0.963592529296875
0.963592529296875
0.963592529296875
0.963592529296875
0.963592529296875
0.963592529296875
0.963592529296875
0.963592529296875
0.963592529296875
0.963592529296875
0.963592529296875
0.963592529296875
0.963592529296875
0.963592529296875
0.963592529296875
0.963592529296875
0.963592529296875
0.963592529296875
0.977325439453125
0.94451904296875
