1.3885385990142822
1.0019856691360474
0.8762003779411316
0.7132924795150757
0.6027727127075195
0.5389164686203003
0.49429816007614136
0.4376203417778015
0.4092094898223877
0.405653178691864
0.37697848677635193
0.36832812428474426
0.3493591845035553
0.32248228788375854
0.33004239201545715
0.305997371673584
0.29317641258239746
0.28692692518234253
0.2799712121486664
0.2628052830696106
0.2587241530418396
0.2521318197250366
0.2533363401889801
0.24491402506828308
0.2388230562210083
0.3864337205886841
0.5482805371284485
0.4599785804748535
0.41526615619659424
0.376137375831604
0.3659609854221344
0.3482077717781067
0.3176705241203308
0.30805379152297974
0.3173765242099762
0.2952016592025757
0.2837061882019043
0.2659228444099426
0.2691341042518616
0.265371173620224
0.25858843326568604
0.2582302689552307
0.23695582151412964
0.22595784068107605
0.23893173038959503
0.2237825095653534
0.21286100149154663
0.20309284329414368
0.20387780666351318
0.1983930766582489
0.2631571888923645
0.24648645520210266
0.22959724068641663
0.22315189242362976
0.2328440248966217
0.2531469464302063
0.2251564860343933
0.20742642879486084
0.21685080230236053
0.19280360639095306
0.2013641744852066
0.20360124111175537
0.19474247097969055
1.5766063928604126
1.112252950668335
0.9979062676429749
0.7383861541748047
