8.601407051086426
6.643972873687744
5.623500347137451
5.212281703948975
5.250894546508789
5.2699689865112305
5.230927467346191
4.855258464813232
5.006366729736328
5.274632453918457
4.858771324157715
5.054471015930176
5.361246109008789
4.985302925109863
4.842642784118652
4.616792678833008
4.903201103210449
3.837111473083496
4.321871757507324
4.010857582092285
4.300659656524658
5.473570823669434
4.878377437591553
5.30765438079834
4.992646217346191
4.005187034606934
4.055845260620117
5.1175994873046875
4.846124649047852
5.429793834686279
4.54380989074707
5.035776138305664
4.8454718589782715
5.294255256652832
5.57694149017334
5.555510520935059
5.368018627166748
5.728334426879883
5.293914794921875
4.729063987731934
5.273444175720215
4.444460391998291
4.972829341888428
4.450981140136719
4.925124168395996
5.2524566650390625
4.647558212280273
5.862719535827637
4.685792922973633
4.9001312255859375
4.613924026489258
5.8008599281311035
4.564231872558594
5.406835079193115
5.047396659851074
4.731755256652832
5.602558135986328
5.52949333190918
5.040034294128418
4.924429893493652
4.832298278808594
5.108962059020996
4.920408248901367
5.963077068328857
5.47127628326416
4.560407638549805
5.128704071044922
4.977822303771973
4.73770809173584
5.447622299194336
5.168637752532959
4.794792175292969
4.98869514465332
5.396213054656982
4.802979946136475
5.488070487976074
5.860446929931641
3.9691290855407715
4.981404781341553
5.640077114105225
4.990215301513672
4.550088882446289
5.327174663543701
5.210578441619873
